source,pubtime,title,url
HACK学习呀,2023_10_09,安全行业里有几个越做越傻的赛道，尽量别碰。,http://mp.weixin.qq.com/s?__biz=MzI5MDU1NDk2MA==&mid=2247512793&idx=1&sn=e3d42e1ca0f66874f1b45ea3a44ba3be&chksm=ec1ce7e6db6b6ef0cadbde0b72f63b02c32dfba5e6142c788be5d50929d57e0bf1b67760ec35&scene=0&xtrack=1#rd
