数据年月,贸易伙伴编码,贸易伙伴名称,注册地编码,注册地名称,人民币
201601,101,阿富汗,11,北京市,361968
201601,101,阿富汗,12,天津市,753295
201601,101,阿富汗,13,河北省,6944936
201601,101,阿富汗,21,辽宁省,413606
201601,101,阿富汗,31,上海市,2844204
201601,101,阿富汗,32,江苏省,15651526
201601,101,阿富汗,33,浙江省,63782230
201601,101,阿富汗,34,安徽省,1762552
201601,101,阿富汗,35,福建省,1305835
201601,101,阿富汗,36,江西省,780190
201601,101,阿富汗,37,山东省,26868910
201601,101,阿富汗,41,河南省,674695
201601,101,阿富汗,42,湖北省,2514701
201601,101,阿富汗,43,湖南省,20275180
201601,101,阿富汗,44,广东省,24087404
201601,101,阿富汗,50,重庆市,3575041
201601,101,阿富汗,51,四川省,470676
201601,101,阿富汗,52,贵州省,726073
201601,101,阿富汗,53,云南省,1163
201601,101,阿富汗,61,陕西省,27143
201601,101,阿富汗,65,新疆维吾尔自治区,11334955
201601,102,巴林,11,北京市,4021283
201601,102,巴林,12,天津市,8622375
201601,102,巴林,13,河北省,10397906
201601,102,巴林,14,山西省,1034
201601,102,巴林,15,内蒙古自治区,896522
201601,102,巴林,21,辽宁省,2938089
201601,102,巴林,23,黑龙江省,1893315
201601,102,巴林,31,上海市,27389389
201601,102,巴林,32,江苏省,44540131
201601,102,巴林,33,浙江省,83689665
201601,102,巴林,34,安徽省,14712776
201601,102,巴林,35,福建省,32398930
201601,102,巴林,36,江西省,2896124
201601,102,巴林,37,山东省,33772269
201601,102,巴林,41,河南省,17653578
201601,102,巴林,42,湖北省,1542341
201601,102,巴林,43,湖南省,6497866
201601,102,巴林,44,广东省,116121289
201601,102,巴林,45,广西壮族自治区,243709
201601,102,巴林,46,海南省,114814
201601,102,巴林,50,重庆市,6324870
201601,102,巴林,51,四川省,46134
201601,102,巴林,52,贵州省,2968330
201601,102,巴林,53,云南省,415718
201601,102,巴林,61,陕西省,4818956
201601,102,巴林,62,甘肃省,3170741
201601,102,巴林,64,宁夏回族自治区,2867216
201601,102,巴林,65,新疆维吾尔自治区,1288998
201601,103,孟加拉国,11,北京市,373258727
201601,103,孟加拉国,12,天津市,133878480
201601,103,孟加拉国,13,河北省,385165446
201601,103,孟加拉国,14,山西省,54158161
201601,103,孟加拉国,15,内蒙古自治区,16879518
201601,103,孟加拉国,21,辽宁省,42883173
201601,103,孟加拉国,22,吉林省,10758079
201601,103,孟加拉国,23,黑龙江省,6109734
201601,103,孟加拉国,31,上海市,637871512
201601,103,孟加拉国,32,江苏省,1742149324
201601,103,孟加拉国,33,浙江省,1360518375
201601,103,孟加拉国,34,安徽省,166657604
201601,103,孟加拉国,35,福建省,332175288
201601,103,孟加拉国,36,江西省,101789573
201601,103,孟加拉国,37,山东省,623902883
201601,103,孟加拉国,41,河南省,88720596
201601,103,孟加拉国,42,湖北省,112779276
201601,103,孟加拉国,43,湖南省,77470714
201601,103,孟加拉国,44,广东省,1704124998
201601,103,孟加拉国,45,广西壮族自治区,13290550
201601,103,孟加拉国,46,海南省,1812282
201601,103,孟加拉国,50,重庆市,94019889
201601,103,孟加拉国,51,四川省,50964649
201601,103,孟加拉国,52,贵州省,10940658
201601,103,孟加拉国,53,云南省,14023910
201601,103,孟加拉国,61,陕西省,32421355
201601,103,孟加拉国,62,甘肃省,29476677
201601,103,孟加拉国,64,宁夏回族自治区,1981398
201601,103,孟加拉国,65,新疆维吾尔自治区,5888892
201601,104,不丹,11,北京市,66699
201601,104,不丹,31,上海市,581092
201601,104,不丹,32,江苏省,323912
201601,104,不丹,33,浙江省,36392
201601,104,不丹,37,山东省,173400
201601,104,不丹,41,河南省,9300
201601,104,不丹,44,广东省,55344
201601,104,不丹,50,重庆市,499590
201601,104,不丹,53,云南省,134422
201601,105,文莱,11,北京市,10551434
201601,105,文莱,12,天津市,776528
201601,105,文莱,13,河北省,13102447
201601,105,文莱,14,山西省,2611502
201601,105,文莱,21,辽宁省,5798837
201601,105,文莱,31,上海市,4178655
201601,105,文莱,32,江苏省,27268236
201601,105,文莱,33,浙江省,12958747
201601,105,文莱,34,安徽省,8679200
201601,105,文莱,35,福建省,13277921
201601,105,文莱,36,江西省,8385559
201601,105,文莱,37,山东省,38472500
201601,105,文莱,41,河南省,1426085
201601,105,文莱,42,湖北省,7949245
201601,105,文莱,43,湖南省,3118317
201601,105,文莱,44,广东省,236119734
201601,105,文莱,45,广西壮族自治区,100660
201601,105,文莱,50,重庆市,150066777
201601,105,文莱,51,四川省,28654
201601,105,文莱,52,贵州省,2772543
201601,105,文莱,53,云南省,6183108
201601,105,文莱,61,陕西省,373823
201601,105,文莱,62,甘肃省,2186299
201601,105,文莱,65,新疆维吾尔自治区,2538158
201601,106,缅甸,11,北京市,308234909
201601,106,缅甸,12,天津市,416520707
201601,106,缅甸,13,河北省,183110804
201601,106,缅甸,14,山西省,7824884
201601,106,缅甸,15,内蒙古自治区,27600619
201601,106,缅甸,21,辽宁省,152460951
201601,106,缅甸,22,吉林省,8710802
201601,106,缅甸,23,黑龙江省,898041
201601,106,缅甸,31,上海市,193351642
201601,106,缅甸,32,江苏省,391706941
201601,106,缅甸,33,浙江省,368612126
201601,106,缅甸,34,安徽省,27244525
201601,106,缅甸,35,福建省,233752281
201601,106,缅甸,36,江西省,103133537
201601,106,缅甸,37,山东省,242439601
201601,106,缅甸,41,河南省,40680649
201601,106,缅甸,42,湖北省,49659450
201601,106,缅甸,43,湖南省,22606239
201601,106,缅甸,44,广东省,609800320
201601,106,缅甸,45,广西壮族自治区,23667477
201601,106,缅甸,46,海南省,3205924
201601,106,缅甸,50,重庆市,302605980
201601,106,缅甸,51,四川省,16153298
201601,106,缅甸,52,贵州省,34974049
201601,106,缅甸,53,云南省,1550545477
201601,106,缅甸,61,陕西省,33053496
201601,106,缅甸,62,甘肃省,13348145
201601,106,缅甸,65,新疆维吾尔自治区,2312964
201601,107,柬埔寨,11,北京市,65121542
201601,107,柬埔寨,12,天津市,9758066
201601,107,柬埔寨,13,河北省,18480632
201601,107,柬埔寨,14,山西省,1602851
201601,107,柬埔寨,15,内蒙古自治区,47109004
201601,107,柬埔寨,21,辽宁省,15594111
201601,107,柬埔寨,22,吉林省,149084
201601,107,柬埔寨,23,黑龙江省,1113431
201601,107,柬埔寨,31,上海市,156632867
201601,107,柬埔寨,32,江苏省,400438449
201601,107,柬埔寨,33,浙江省,481157088
201601,107,柬埔寨,34,安徽省,29627652
201601,107,柬埔寨,35,福建省,176240059
201601,107,柬埔寨,36,江西省,27887182
201601,107,柬埔寨,37,山东省,69857519
201601,107,柬埔寨,41,河南省,12846164
201601,107,柬埔寨,42,湖北省,15046350
201601,107,柬埔寨,43,湖南省,3713224
201601,107,柬埔寨,44,广东省,408515882
201601,107,柬埔寨,45,广西壮族自治区,12416587
201601,107,柬埔寨,46,海南省,2247563
201601,107,柬埔寨,50,重庆市,53388387
201601,107,柬埔寨,51,四川省,58495024
201601,107,柬埔寨,52,贵州省,1759607
201601,107,柬埔寨,53,云南省,71013908
201601,107,柬埔寨,61,陕西省,1602109
201601,107,柬埔寨,62,甘肃省,5713140
201601,107,柬埔寨,64,宁夏回族自治区,44241415
201601,107,柬埔寨,65,新疆维吾尔自治区,576050
201601,108,塞浦路斯,11,北京市,7512852
201601,108,塞浦路斯,12,天津市,1797946
201601,108,塞浦路斯,13,河北省,3257756
201601,108,塞浦路斯,14,山西省,310026
201601,108,塞浦路斯,21,辽宁省,1175346
201601,108,塞浦路斯,22,吉林省,420832
201601,108,塞浦路斯,23,黑龙江省,542632
201601,108,塞浦路斯,31,上海市,13663098
201601,108,塞浦路斯,32,江苏省,7379216
201601,108,塞浦路斯,33,浙江省,33983893
201601,108,塞浦路斯,34,安徽省,2602229
201601,108,塞浦路斯,35,福建省,5230288
201601,108,塞浦路斯,36,江西省,846342
201601,108,塞浦路斯,37,山东省,13095195
201601,108,塞浦路斯,41,河南省,413112
201601,108,塞浦路斯,42,湖北省,7742338
201601,108,塞浦路斯,43,湖南省,689223
201601,108,塞浦路斯,44,广东省,50442742
201601,108,塞浦路斯,45,广西壮族自治区,406873
201601,108,塞浦路斯,50,重庆市,1081908
201601,108,塞浦路斯,51,四川省,4336
201601,108,塞浦路斯,53,云南省,177122
201601,108,塞浦路斯,61,陕西省,54870
201601,108,塞浦路斯,62,甘肃省,283253
201601,109,朝鲜,11,北京市,2540128
201601,109,朝鲜,12,天津市,3416356
201601,109,朝鲜,13,河北省,7411118
201601,109,朝鲜,15,内蒙古自治区,5844133
201601,109,朝鲜,21,辽宁省,504460070
201601,109,朝鲜,22,吉林省,133473171
201601,109,朝鲜,23,黑龙江省,5214155
201601,109,朝鲜,31,上海市,10419313
201601,109,朝鲜,32,江苏省,22405703
201601,109,朝鲜,33,浙江省,4542668
201601,109,朝鲜,34,安徽省,34632428
201601,109,朝鲜,35,福建省,23076707
201601,109,朝鲜,36,江西省,63332347
201601,109,朝鲜,37,山东省,88693591
201601,109,朝鲜,41,河南省,711050
201601,109,朝鲜,42,湖北省,8785062
201601,109,朝鲜,43,湖南省,489994
201601,109,朝鲜,44,广东省,38185920
201601,109,朝鲜,45,广西壮族自治区,678573
201601,109,朝鲜,46,海南省,206749
201601,109,朝鲜,50,重庆市,14931074
201601,109,朝鲜,51,四川省,2244852
201601,109,朝鲜,52,贵州省,29384549
201601,109,朝鲜,53,云南省,62108649
201601,109,朝鲜,61,陕西省,1629868
201601,109,朝鲜,62,甘肃省,69812341
201601,109,朝鲜,63,青海省,285403
201601,109,朝鲜,65,新疆维吾尔自治区,185493
201601,110,中国香港,11,北京市,2623873432
201601,110,中国香港,12,天津市,1454763646
201601,110,中国香港,13,河北省,267341724
201601,110,中国香港,14,山西省,94327170
201601,110,中国香港,15,内蒙古自治区,53980271
201601,110,中国香港,21,辽宁省,505629428
201601,110,中国香港,22,吉林省,23630737
201601,110,中国香港,23,黑龙江省,61160493
201601,110,中国香港,31,上海市,11166166685
201601,110,中国香港,32,江苏省,13205740232
201601,110,中国香港,33,浙江省,1948857928
201601,110,中国香港,34,安徽省,299129823
201601,110,中国香港,35,福建省,4815871274
201601,110,中国香港,36,江西省,1467156153
201601,110,中国香港,37,山东省,1777870581
201601,110,中国香港,41,河南省,1386080202
201601,110,中国香港,42,湖北省,2576297780
201601,110,中国香港,43,湖南省,1553670961
201601,110,中国香港,44,广东省,79713318041
201601,110,中国香港,45,广西壮族自治区,1136385920
201601,110,中国香港,46,海南省,59702655
201601,110,中国香港,50,重庆市,3286161369
201601,110,中国香港,51,四川省,1154806834
201601,110,中国香港,52,贵州省,527378349
201601,110,中国香港,53,云南省,895343362
201601,110,中国香港,54,西藏自治区,217347
201601,110,中国香港,61,陕西省,1012533005
201601,110,中国香港,62,甘肃省,181332352
201601,110,中国香港,63,青海省,5367106
201601,110,中国香港,64,宁夏回族自治区,37053928
201601,110,中国香港,65,新疆维吾尔自治区,15758850
201601,111,印度,11,北京市,870148367
201601,111,印度,12,天津市,622974535
201601,111,印度,13,河北省,710125877
201601,111,印度,14,山西省,515626612
201601,111,印度,15,内蒙古自治区,82565462
201601,111,印度,21,辽宁省,558505409
201601,111,印度,22,吉林省,212416996
201601,111,印度,23,黑龙江省,140787770
201601,111,印度,31,上海市,2823342421
201601,111,印度,32,江苏省,5494715436
201601,111,印度,33,浙江省,5788437981
201601,111,印度,34,安徽省,531394327
201601,111,印度,35,福建省,879225253
201601,111,印度,36,江西省,409970610
201601,111,印度,37,山东省,1667531316
201601,111,印度,41,河南省,392173490
201601,111,印度,42,湖北省,573898179
201601,111,印度,43,湖南省,316258349
201601,111,印度,44,广东省,7779339228
201601,111,印度,45,广西壮族自治区,95653718
201601,111,印度,46,海南省,19425217
201601,111,印度,50,重庆市,803527815
201601,111,印度,51,四川省,326564167
201601,111,印度,52,贵州省,100321154
201601,111,印度,53,云南省,54000660
201601,111,印度,61,陕西省,200206749
201601,111,印度,62,甘肃省,100330837
201601,111,印度,63,青海省,1751328
201601,111,印度,64,宁夏回族自治区,68454661
201601,111,印度,65,新疆维吾尔自治区,69348769
201601,112,印度尼西亚,11,北京市,542508056
201601,112,印度尼西亚,12,天津市,663555665
201601,112,印度尼西亚,13,河北省,498587936
201601,112,印度尼西亚,14,山西省,23569701
201601,112,印度尼西亚,15,内蒙古自治区,31921284
201601,112,印度尼西亚,21,辽宁省,443503513
201601,112,印度尼西亚,22,吉林省,34471051
201601,112,印度尼西亚,23,黑龙江省,36926225
201601,112,印度尼西亚,31,上海市,1494515134
201601,112,印度尼西亚,32,江苏省,3060803577
201601,112,印度尼西亚,33,浙江省,2660882598
201601,112,印度尼西亚,34,安徽省,329434675
201601,112,印度尼西亚,35,福建省,1023712393
201601,112,印度尼西亚,36,江西省,230576652
201601,112,印度尼西亚,37,山东省,1327594763
201601,112,印度尼西亚,41,河南省,182162229
201601,112,印度尼西亚,42,湖北省,244077364
201601,112,印度尼西亚,43,湖南省,171181800
201601,112,印度尼西亚,44,广东省,3739573776
201601,112,印度尼西亚,45,广西壮族自治区,72912126
201601,112,印度尼西亚,46,海南省,4802893
201601,112,印度尼西亚,50,重庆市,479532082
201601,112,印度尼西亚,51,四川省,137262903
201601,112,印度尼西亚,52,贵州省,52189072
201601,112,印度尼西亚,53,云南省,296913184
201601,112,印度尼西亚,61,陕西省,23766260
201601,112,印度尼西亚,62,甘肃省,56560237
201601,112,印度尼西亚,63,青海省,490834
201601,112,印度尼西亚,64,宁夏回族自治区,7788057
201601,112,印度尼西亚,65,新疆维吾尔自治区,12753982
201601,113,伊朗,11,北京市,474680660
201601,113,伊朗,12,天津市,175311279
201601,113,伊朗,13,河北省,214518614
201601,113,伊朗,14,山西省,16943351
201601,113,伊朗,15,内蒙古自治区,128674122
201601,113,伊朗,21,辽宁省,172149834
201601,113,伊朗,22,吉林省,32125334
201601,113,伊朗,23,黑龙江省,18035653
201601,113,伊朗,31,上海市,424628879
201601,113,伊朗,32,江苏省,660760880
201601,113,伊朗,33,浙江省,2055930882
201601,113,伊朗,34,安徽省,242850732
201601,113,伊朗,35,福建省,351867799
201601,113,伊朗,36,江西省,120195593
201601,113,伊朗,37,山东省,543233524
201601,113,伊朗,41,河南省,76858843
201601,113,伊朗,42,湖北省,129456987
201601,113,伊朗,43,湖南省,135889822
201601,113,伊朗,44,广东省,1403404002
201601,113,伊朗,45,广西壮族自治区,13334855
201601,113,伊朗,46,海南省,39761329
201601,113,伊朗,50,重庆市,314215061
201601,113,伊朗,51,四川省,62645787
201601,113,伊朗,52,贵州省,13337592
201601,113,伊朗,53,云南省,6558081
201601,113,伊朗,61,陕西省,64420221
201601,113,伊朗,62,甘肃省,49536497
201601,113,伊朗,63,青海省,125181
201601,113,伊朗,64,宁夏回族自治区,7180932
201601,113,伊朗,65,新疆维吾尔自治区,45740196
201601,114,伊拉克,11,北京市,41846103
201601,114,伊拉克,12,天津市,56371556
201601,114,伊拉克,13,河北省,65647545
201601,114,伊拉克,14,山西省,683797
201601,114,伊拉克,15,内蒙古自治区,65370223
201601,114,伊拉克,21,辽宁省,7463096
201601,114,伊拉克,22,吉林省,11633
201601,114,伊拉克,23,黑龙江省,6809225
201601,114,伊拉克,31,上海市,72536557
201601,114,伊拉克,32,江苏省,276930843
201601,114,伊拉克,33,浙江省,1645338233
201601,114,伊拉克,34,安徽省,61759762
201601,114,伊拉克,35,福建省,573959121
201601,114,伊拉克,36,江西省,66698670
201601,114,伊拉克,37,山东省,205341236
201601,114,伊拉克,41,河南省,15043536
201601,114,伊拉克,42,湖北省,39221393
201601,114,伊拉克,43,湖南省,1293258
201601,114,伊拉克,44,广东省,859049686
201601,114,伊拉克,45,广西壮族自治区,2423114
201601,114,伊拉克,46,海南省,2653469
201601,114,伊拉克,50,重庆市,91883370
201601,114,伊拉克,51,四川省,5905775
201601,114,伊拉克,52,贵州省,3762643
201601,114,伊拉克,53,云南省,10098395
201601,114,伊拉克,61,陕西省,3223440
201601,114,伊拉克,62,甘肃省,23057348
201601,114,伊拉克,64,宁夏回族自治区,38278
201601,115,以色列,11,北京市,273769953
201601,115,以色列,12,天津市,85132834
201601,115,以色列,13,河北省,66105113
201601,115,以色列,14,山西省,16479986
201601,115,以色列,15,内蒙古自治区,3616483
201601,115,以色列,21,辽宁省,43402751
201601,115,以色列,22,吉林省,7982094
201601,115,以色列,23,黑龙江省,1995577
201601,115,以色列,31,上海市,213445696
201601,115,以色列,32,江苏省,523987620
201601,115,以色列,33,浙江省,1034052999
201601,115,以色列,34,安徽省,76342048
201601,115,以色列,35,福建省,394279652
201601,115,以色列,36,江西省,62663455
201601,115,以色列,37,山东省,328575822
201601,115,以色列,41,河南省,77563053
201601,115,以色列,42,湖北省,39355269
201601,115,以色列,43,湖南省,15008368
201601,115,以色列,44,广东省,1086737146
201601,115,以色列,45,广西壮族自治区,21565840
201601,115,以色列,46,海南省,25304268
201601,115,以色列,50,重庆市,132882147
201601,115,以色列,51,四川省,28276756
201601,115,以色列,52,贵州省,9475911
201601,115,以色列,53,云南省,4915503
201601,115,以色列,61,陕西省,11697677
201601,115,以色列,62,甘肃省,14872687
201601,115,以色列,64,宁夏回族自治区,6237860
201601,115,以色列,65,新疆维吾尔自治区,226052
201601,116,日本,11,北京市,2634552815
201601,116,日本,12,天津市,1803891272
201601,116,日本,13,河北省,897618208
201601,116,日本,14,山西省,166973862
201601,116,日本,15,内蒙古自治区,73644672
201601,116,日本,21,辽宁省,4317309611
201601,116,日本,22,吉林省,258293888
201601,116,日本,23,黑龙江省,91829974
201601,116,日本,31,上海市,12635217031
201601,116,日本,32,江苏省,14400779131
201601,116,日本,33,浙江省,5896076003
201601,116,日本,34,安徽省,795772704
201601,116,日本,35,福建省,3282622429
201601,116,日本,36,江西省,505286816
201601,116,日本,37,山东省,6987137991
201601,116,日本,41,河南省,1296364197
201601,116,日本,42,湖北省,520369141
201601,116,日本,43,湖南省,208089190
201601,116,日本,44,广东省,13106772094
201601,116,日本,45,广西壮族自治区,148257878
201601,116,日本,46,海南省,144829130
201601,116,日本,50,重庆市,717530449
201601,116,日本,51,四川省,541410847
201601,116,日本,52,贵州省,33778645
201601,116,日本,53,云南省,87657032
201601,116,日本,61,陕西省,243606315
201601,116,日本,62,甘肃省,62595422
201601,116,日本,63,青海省,17075323
201601,116,日本,64,宁夏回族自治区,54294892
201601,116,日本,65,新疆维吾尔自治区,24383624
201601,117,约旦,11,北京市,52988684
201601,117,约旦,12,天津市,31870042
201601,117,约旦,13,河北省,35448641
201601,117,约旦,14,山西省,15031858
201601,117,约旦,15,内蒙古自治区,915747
201601,117,约旦,21,辽宁省,35871977
201601,117,约旦,22,吉林省,323285
201601,117,约旦,23,黑龙江省,769579
201601,117,约旦,31,上海市,48503759
201601,117,约旦,32,江苏省,149357492
201601,117,约旦,33,浙江省,503869950
201601,117,约旦,34,安徽省,13597131
201601,117,约旦,35,福建省,515074059
201601,117,约旦,36,江西省,21450254
201601,117,约旦,37,山东省,88001519
201601,117,约旦,41,河南省,8574585
201601,117,约旦,42,湖北省,14363974
201601,117,约旦,43,湖南省,6788696
201601,117,约旦,44,广东省,332576297
201601,117,约旦,45,广西壮族自治区,2656667
201601,117,约旦,46,海南省,2487000
201601,117,约旦,50,重庆市,49654895
201601,117,约旦,51,四川省,7266177
201601,117,约旦,52,贵州省,1721225
201601,117,约旦,53,云南省,37158
201601,117,约旦,61,陕西省,4762679
201601,117,约旦,62,甘肃省,4725983
201601,117,约旦,63,青海省,1323075
201601,117,约旦,64,宁夏回族自治区,2010970
201601,117,约旦,65,新疆维吾尔自治区,1839204
201601,118,科威特,11,北京市,25967394
201601,118,科威特,12,天津市,29722272
201601,118,科威特,13,河北省,17485650
201601,118,科威特,14,山西省,3065795
201601,118,科威特,15,内蒙古自治区,401897
201601,118,科威特,21,辽宁省,6913468
201601,118,科威特,22,吉林省,2688290
201601,118,科威特,23,黑龙江省,1441312
201601,118,科威特,31,上海市,83730776
201601,118,科威特,32,江苏省,150422099
201601,118,科威特,33,浙江省,262790477
201601,118,科威特,34,安徽省,27013887
201601,118,科威特,35,福建省,220015897
201601,118,科威特,36,江西省,12654014
201601,118,科威特,37,山东省,346035198
201601,118,科威特,41,河南省,43723185
201601,118,科威特,42,湖北省,14077842
201601,118,科威特,43,湖南省,14643396
201601,118,科威特,44,广东省,289097524
201601,118,科威特,45,广西壮族自治区,1863220
201601,118,科威特,46,海南省,2290607
201601,118,科威特,50,重庆市,56177063
201601,118,科威特,51,四川省,90105773
201601,118,科威特,52,贵州省,3163523
201601,118,科威特,53,云南省,1358674
201601,118,科威特,61,陕西省,5623242
201601,118,科威特,62,甘肃省,4255444
201601,118,科威特,65,新疆维吾尔自治区,485881
201601,119,老挝,11,北京市,123846662
201601,119,老挝,12,天津市,6534896
201601,119,老挝,13,河北省,2765462
201601,119,老挝,14,山西省,2139121
201601,119,老挝,15,内蒙古自治区,48432
201601,119,老挝,21,辽宁省,1258307
201601,119,老挝,31,上海市,17303495
201601,119,老挝,32,江苏省,96796840
201601,119,老挝,33,浙江省,12489006
201601,119,老挝,34,安徽省,84900596
201601,119,老挝,35,福建省,3289617
201601,119,老挝,36,江西省,22586186
201601,119,老挝,37,山东省,14944442
201601,119,老挝,41,河南省,1771865
201601,119,老挝,42,湖北省,13990944
201601,119,老挝,43,湖南省,998144
201601,119,老挝,44,广东省,33889086
201601,119,老挝,45,广西壮族自治区,5776657
201601,119,老挝,50,重庆市,12846168
201601,119,老挝,51,四川省,46373847
201601,119,老挝,52,贵州省,2451301
201601,119,老挝,53,云南省,102283987
201601,119,老挝,61,陕西省,1614233
201601,119,老挝,62,甘肃省,219123
201601,120,黎巴嫩,11,北京市,7026965
201601,120,黎巴嫩,12,天津市,66867383
201601,120,黎巴嫩,13,河北省,12346348
201601,120,黎巴嫩,14,山西省,1824732
201601,120,黎巴嫩,15,内蒙古自治区,942792
201601,120,黎巴嫩,21,辽宁省,6299862
201601,120,黎巴嫩,22,吉林省,153209
201601,120,黎巴嫩,23,黑龙江省,150830
201601,120,黎巴嫩,31,上海市,35562782
201601,120,黎巴嫩,32,江苏省,74368668
201601,120,黎巴嫩,33,浙江省,279964892
201601,120,黎巴嫩,34,安徽省,15394416
201601,120,黎巴嫩,35,福建省,48081496
201601,120,黎巴嫩,36,江西省,16803260
201601,120,黎巴嫩,37,山东省,106710811
201601,120,黎巴嫩,41,河南省,3338028
201601,120,黎巴嫩,42,湖北省,4085174
201601,120,黎巴嫩,43,湖南省,3829168
201601,120,黎巴嫩,44,广东省,221469968
201601,120,黎巴嫩,45,广西壮族自治区,874770
201601,120,黎巴嫩,46,海南省,605307
201601,120,黎巴嫩,50,重庆市,51058785
201601,120,黎巴嫩,51,四川省,1884481
201601,120,黎巴嫩,52,贵州省,2013687
201601,120,黎巴嫩,53,云南省,542408
201601,120,黎巴嫩,61,陕西省,1352960
201601,120,黎巴嫩,62,甘肃省,6356620
201601,120,黎巴嫩,63,青海省,94831
201601,120,黎巴嫩,65,新疆维吾尔自治区,3757053
201601,121,中国澳门,11,北京市,141296838
201601,121,中国澳门,12,天津市,2100457
201601,121,中国澳门,13,河北省,2464217
201601,121,中国澳门,14,山西省,285066
201601,121,中国澳门,15,内蒙古自治区,1109147
201601,121,中国澳门,21,辽宁省,4597607
201601,121,中国澳门,22,吉林省,174490
201601,121,中国澳门,31,上海市,46043882
201601,121,中国澳门,32,江苏省,28726896
201601,121,中国澳门,33,浙江省,17820013
201601,121,中国澳门,34,安徽省,527360
201601,121,中国澳门,35,福建省,58685036
201601,121,中国澳门,36,江西省,168278447
201601,121,中国澳门,37,山东省,9431031
201601,121,中国澳门,41,河南省,27843874
201601,121,中国澳门,42,湖北省,21837939
201601,121,中国澳门,43,湖南省,2383381
201601,121,中国澳门,44,广东省,1018958015
201601,121,中国澳门,45,广西壮族自治区,5968489
201601,121,中国澳门,46,海南省,7170
201601,121,中国澳门,50,重庆市,31609945
201601,121,中国澳门,51,四川省,10933780
201601,121,中国澳门,52,贵州省,39275507
201601,121,中国澳门,53,云南省,9220870
201601,121,中国澳门,61,陕西省,164751
201601,121,中国澳门,62,甘肃省,68283472
201601,121,中国澳门,63,青海省,792135
201601,122,马来西亚,11,北京市,223837846
201601,122,马来西亚,12,天津市,538608656
201601,122,马来西亚,13,河北省,214653223
201601,122,马来西亚,14,山西省,17818554
201601,122,马来西亚,15,内蒙古自治区,29883797
201601,122,马来西亚,21,辽宁省,403585096
201601,122,马来西亚,22,吉林省,17899290
201601,122,马来西亚,23,黑龙江省,8479592
201601,122,马来西亚,31,上海市,1687616848
201601,122,马来西亚,32,江苏省,2391106932
201601,122,马来西亚,33,浙江省,1698251501
201601,122,马来西亚,34,安徽省,248739028
201601,122,马来西亚,35,福建省,1451043119
201601,122,马来西亚,36,江西省,376918721
201601,122,马来西亚,37,山东省,1176840359
201601,122,马来西亚,41,河南省,219252734
201601,122,马来西亚,42,湖北省,208019343
201601,122,马来西亚,43,湖南省,354024368
201601,122,马来西亚,44,广东省,5431429096
201601,122,马来西亚,45,广西壮族自治区,181251168
201601,122,马来西亚,46,海南省,17904316
201601,122,马来西亚,50,重庆市,805459151
201601,122,马来西亚,51,四川省,350761432
201601,122,马来西亚,52,贵州省,206841546
201601,122,马来西亚,53,云南省,227033083
201601,122,马来西亚,61,陕西省,103903038
201601,122,马来西亚,62,甘肃省,234948259
201601,122,马来西亚,63,青海省,3802656
201601,122,马来西亚,64,宁夏回族自治区,5675198
201601,122,马来西亚,65,新疆维吾尔自治区,14382119
201601,123,马尔代夫,11,北京市,2604430
201601,123,马尔代夫,12,天津市,2320488
201601,123,马尔代夫,13,河北省,655136
201601,123,马尔代夫,21,辽宁省,3180
201601,123,马尔代夫,23,黑龙江省,25398
201601,123,马尔代夫,31,上海市,4287403
201601,123,马尔代夫,32,江苏省,5597303
201601,123,马尔代夫,33,浙江省,6321956
201601,123,马尔代夫,34,安徽省,947590
201601,123,马尔代夫,35,福建省,8958122
201601,123,马尔代夫,36,江西省,2778840
201601,123,马尔代夫,37,山东省,6833001
201601,123,马尔代夫,41,河南省,1862306
201601,123,马尔代夫,42,湖北省,26546
201601,123,马尔代夫,43,湖南省,1580479
201601,123,马尔代夫,44,广东省,34091167
201601,123,马尔代夫,45,广西壮族自治区,8
201601,123,马尔代夫,50,重庆市,1721698
201601,123,马尔代夫,51,四川省,430522
201601,123,马尔代夫,52,贵州省,1479277
201601,123,马尔代夫,53,云南省,329421
201601,123,马尔代夫,62,甘肃省,343175
201601,124,蒙古,11,北京市,24621581
201601,124,蒙古,12,天津市,16392883
201601,124,蒙古,13,河北省,9001366
201601,124,蒙古,14,山西省,25850
201601,124,蒙古,15,内蒙古自治区,134278701
201601,124,蒙古,21,辽宁省,10418228
201601,124,蒙古,22,吉林省,1002701
201601,124,蒙古,23,黑龙江省,1406594
201601,124,蒙古,31,上海市,14065001
201601,124,蒙古,32,江苏省,25093945
201601,124,蒙古,33,浙江省,10244202
201601,124,蒙古,34,安徽省,2804603
201601,124,蒙古,35,福建省,1374067
201601,124,蒙古,36,江西省,14375205
201601,124,蒙古,37,山东省,14681346
201601,124,蒙古,41,河南省,2832771
201601,124,蒙古,42,湖北省,587646
201601,124,蒙古,43,湖南省,1233434
201601,124,蒙古,44,广东省,7990273
201601,124,蒙古,45,广西壮族自治区,206666
201601,124,蒙古,50,重庆市,4857561
201601,124,蒙古,51,四川省,1815463
201601,124,蒙古,61,陕西省,3434971
201601,124,蒙古,62,甘肃省,1156619
201601,124,蒙古,65,新疆维吾尔自治区,5447915
201601,125,尼泊尔,11,北京市,14486633
201601,125,尼泊尔,12,天津市,4793963
201601,125,尼泊尔,13,河北省,8593053
201601,125,尼泊尔,14,山西省,536841
201601,125,尼泊尔,15,内蒙古自治区,302003
201601,125,尼泊尔,21,辽宁省,560555
201601,125,尼泊尔,31,上海市,4536631
201601,125,尼泊尔,32,江苏省,4667364
201601,125,尼泊尔,33,浙江省,22621566
201601,125,尼泊尔,34,安徽省,983699
201601,125,尼泊尔,35,福建省,985349
201601,125,尼泊尔,36,江西省,2587951
201601,125,尼泊尔,37,山东省,17513113
201601,125,尼泊尔,41,河南省,392907
201601,125,尼泊尔,42,湖北省,379731
201601,125,尼泊尔,43,湖南省,1561018
201601,125,尼泊尔,44,广东省,58513992
201601,125,尼泊尔,45,广西壮族自治区,19853
201601,125,尼泊尔,50,重庆市,10655385
201601,125,尼泊尔,51,四川省,4006186
201601,125,尼泊尔,52,贵州省,12417886
201601,125,尼泊尔,53,云南省,76671
201601,125,尼泊尔,54,西藏自治区,258043222
201601,125,尼泊尔,61,陕西省,118245
201601,125,尼泊尔,62,甘肃省,1121018
201601,125,尼泊尔,63,青海省,659252
201601,125,尼泊尔,64,宁夏回族自治区,308407
201601,126,阿曼,11,北京市,22832394
201601,126,阿曼,12,天津市,62691720
201601,126,阿曼,13,河北省,92178571
201601,126,阿曼,14,山西省,3628399
201601,126,阿曼,21,辽宁省,54641558
201601,126,阿曼,22,吉林省,1282406
201601,126,阿曼,23,黑龙江省,640987
201601,126,阿曼,31,上海市,54156868
201601,126,阿曼,32,江苏省,122021911
201601,126,阿曼,33,浙江省,114820292
201601,126,阿曼,34,安徽省,8361734
201601,126,阿曼,35,福建省,42028442
201601,126,阿曼,36,江西省,20765522
201601,126,阿曼,37,山东省,61928899
201601,126,阿曼,41,河南省,5021416
201601,126,阿曼,42,湖北省,9110013
201601,126,阿曼,43,湖南省,5801705
201601,126,阿曼,44,广东省,163537294
201601,126,阿曼,45,广西壮族自治区,1334260
201601,126,阿曼,46,海南省,563703
201601,126,阿曼,50,重庆市,24635952
201601,126,阿曼,51,四川省,3789126
201601,126,阿曼,52,贵州省,2765595
201601,126,阿曼,53,云南省,1058623
201601,126,阿曼,61,陕西省,3284265
201601,126,阿曼,62,甘肃省,15824469
201601,126,阿曼,63,青海省,116395
201601,126,阿曼,64,宁夏回族自治区,707895
201601,126,阿曼,65,新疆维吾尔自治区,12461877
201601,127,巴基斯坦,11,北京市,1039573347
201601,127,巴基斯坦,12,天津市,188867039
201601,127,巴基斯坦,13,河北省,361550962
201601,127,巴基斯坦,14,山西省,7952800
201601,127,巴基斯坦,15,内蒙古自治区,10152649
201601,127,巴基斯坦,21,辽宁省,150090183
201601,127,巴基斯坦,22,吉林省,34363897
201601,127,巴基斯坦,23,黑龙江省,11528698
201601,127,巴基斯坦,31,上海市,456715090
201601,127,巴基斯坦,32,江苏省,797164074
201601,127,巴基斯坦,33,浙江省,2334823736
201601,127,巴基斯坦,34,安徽省,134274002
201601,127,巴基斯坦,35,福建省,449301818
201601,127,巴基斯坦,36,江西省,190037329
201601,127,巴基斯坦,37,山东省,622059105
201601,127,巴基斯坦,41,河南省,81931576
201601,127,巴基斯坦,42,湖北省,138619468
201601,127,巴基斯坦,43,湖南省,44507036
201601,127,巴基斯坦,44,广东省,1606129598
201601,127,巴基斯坦,45,广西壮族自治区,4531756
201601,127,巴基斯坦,46,海南省,1948093
201601,127,巴基斯坦,50,重庆市,277445057
201601,127,巴基斯坦,51,四川省,123720887
201601,127,巴基斯坦,52,贵州省,11511293
201601,127,巴基斯坦,53,云南省,13893882
201601,127,巴基斯坦,61,陕西省,128123587
201601,127,巴基斯坦,62,甘肃省,35439495
201601,127,巴基斯坦,63,青海省,55463629
201601,127,巴基斯坦,64,宁夏回族自治区,5214345
201601,127,巴基斯坦,65,新疆维吾尔自治区,65212073
201601,128,巴勒斯坦,12,天津市,111308
201601,128,巴勒斯坦,13,河北省,393493
201601,128,巴勒斯坦,21,辽宁省,482636
201601,128,巴勒斯坦,31,上海市,677555
201601,128,巴勒斯坦,32,江苏省,4273251
201601,128,巴勒斯坦,33,浙江省,5073578
201601,128,巴勒斯坦,34,安徽省,574138
201601,128,巴勒斯坦,35,福建省,819842
201601,128,巴勒斯坦,36,江西省,2456
201601,128,巴勒斯坦,37,山东省,1493459
201601,128,巴勒斯坦,42,湖北省,42007
201601,128,巴勒斯坦,43,湖南省,511644
201601,128,巴勒斯坦,44,广东省,16106618
201601,128,巴勒斯坦,50,重庆市,499716
201601,128,巴勒斯坦,53,云南省,58163
201601,128,巴勒斯坦,62,甘肃省,746307
201601,128,巴勒斯坦,64,宁夏回族自治区,3425
201601,129,菲律宾,11,北京市,447900463
201601,129,菲律宾,12,天津市,284491312
201601,129,菲律宾,13,河北省,361378447
201601,129,菲律宾,14,山西省,22188758
201601,129,菲律宾,15,内蒙古自治区,20772696
201601,129,菲律宾,21,辽宁省,214719406
201601,129,菲律宾,22,吉林省,94834454
201601,129,菲律宾,23,黑龙江省,9027198
201601,129,菲律宾,31,上海市,896573069
201601,129,菲律宾,32,江苏省,1751460391
201601,129,菲律宾,33,浙江省,1633619129
201601,129,菲律宾,34,安徽省,205176584
201601,129,菲律宾,35,福建省,3309936397
201601,129,菲律宾,36,江西省,245489456
201601,129,菲律宾,37,山东省,956022535
201601,129,菲律宾,41,河南省,133875510
201601,129,菲律宾,42,湖北省,96750195
201601,129,菲律宾,43,湖南省,58055145
201601,129,菲律宾,44,广东省,4020276694
201601,129,菲律宾,45,广西壮族自治区,111380314
201601,129,菲律宾,46,海南省,17229942
201601,129,菲律宾,50,重庆市,377600644
201601,129,菲律宾,51,四川省,115423324
201601,129,菲律宾,52,贵州省,53209310
201601,129,菲律宾,53,云南省,61687761
201601,129,菲律宾,61,陕西省,48425089
201601,129,菲律宾,62,甘肃省,63362310
201601,129,菲律宾,63,青海省,232654
201601,129,菲律宾,64,宁夏回族自治区,8400430
201601,129,菲律宾,65,新疆维吾尔自治区,25894154
201601,130,卡塔尔,11,北京市,21399807
201601,130,卡塔尔,12,天津市,8808398
201601,130,卡塔尔,13,河北省,20322786
201601,130,卡塔尔,14,山西省,1783763
201601,130,卡塔尔,21,辽宁省,15530833
201601,130,卡塔尔,23,黑龙江省,288258
201601,130,卡塔尔,31,上海市,28843845
201601,130,卡塔尔,32,江苏省,140172775
201601,130,卡塔尔,33,浙江省,112065274
201601,130,卡塔尔,34,安徽省,13009999
201601,130,卡塔尔,35,福建省,82790150
201601,130,卡塔尔,36,江西省,11612808
201601,130,卡塔尔,37,山东省,76299255
201601,130,卡塔尔,41,河南省,3755043
201601,130,卡塔尔,42,湖北省,7037385
201601,130,卡塔尔,43,湖南省,9592876
201601,130,卡塔尔,44,广东省,168390511
201601,130,卡塔尔,45,广西壮族自治区,290171
201601,130,卡塔尔,46,海南省,1033839
201601,130,卡塔尔,50,重庆市,14894386
201601,130,卡塔尔,51,四川省,7148359
201601,130,卡塔尔,52,贵州省,2299465
201601,130,卡塔尔,53,云南省,2699278
201601,130,卡塔尔,61,陕西省,1883734
201601,130,卡塔尔,62,甘肃省,2572156
201601,130,卡塔尔,63,青海省,148640
201601,130,卡塔尔,64,宁夏回族自治区,2394264
201601,131,沙特阿拉伯,11,北京市,167227354
201601,131,沙特阿拉伯,12,天津市,178192298
201601,131,沙特阿拉伯,13,河北省,344801462
201601,131,沙特阿拉伯,14,山西省,79209507
201601,131,沙特阿拉伯,15,内蒙古自治区,6847834
201601,131,沙特阿拉伯,21,辽宁省,74917481
201601,131,沙特阿拉伯,22,吉林省,28002160
201601,131,沙特阿拉伯,23,黑龙江省,6449248
201601,131,沙特阿拉伯,31,上海市,410553444
201601,131,沙特阿拉伯,32,江苏省,1138785981
201601,131,沙特阿拉伯,33,浙江省,1789632267
201601,131,沙特阿拉伯,34,安徽省,127722949
201601,131,沙特阿拉伯,35,福建省,752906791
201601,131,沙特阿拉伯,36,江西省,183153402
201601,131,沙特阿拉伯,37,山东省,808979429
201601,131,沙特阿拉伯,41,河南省,111864565
201601,131,沙特阿拉伯,42,湖北省,89904937
201601,131,沙特阿拉伯,43,湖南省,83958762
201601,131,沙特阿拉伯,44,广东省,2992862279
201601,131,沙特阿拉伯,45,广西壮族自治区,20178685
201601,131,沙特阿拉伯,46,海南省,8185951
201601,131,沙特阿拉伯,50,重庆市,344934860
201601,131,沙特阿拉伯,51,四川省,34246465
201601,131,沙特阿拉伯,52,贵州省,38610780
201601,131,沙特阿拉伯,53,云南省,18705232
201601,131,沙特阿拉伯,61,陕西省,34191682
201601,131,沙特阿拉伯,62,甘肃省,44949145
201601,131,沙特阿拉伯,63,青海省,1710462
201601,131,沙特阿拉伯,64,宁夏回族自治区,5399176
201601,131,沙特阿拉伯,65,新疆维吾尔自治区,11469822
201601,132,新加坡,11,北京市,1527796227
201601,132,新加坡,12,天津市,500964330
201601,132,新加坡,13,河北省,128653250
201601,132,新加坡,14,山西省,105480558
201601,132,新加坡,15,内蒙古自治区,2872723
201601,132,新加坡,21,辽宁省,1326638103
201601,132,新加坡,22,吉林省,91722817
201601,132,新加坡,23,黑龙江省,4046618
201601,132,新加坡,31,上海市,3448516989
201601,132,新加坡,32,江苏省,2934861452
201601,132,新加坡,33,浙江省,861247505
201601,132,新加坡,34,安徽省,178135679
201601,132,新加坡,35,福建省,1030955185
201601,132,新加坡,36,江西省,450225272
201601,132,新加坡,37,山东省,790580639
201601,132,新加坡,41,河南省,604662203
201601,132,新加坡,42,湖北省,336603769
201601,132,新加坡,43,湖南省,96217398
201601,132,新加坡,44,广东省,6986528836
201601,132,新加坡,45,广西壮族自治区,130369293
201601,132,新加坡,46,海南省,36726430
201601,132,新加坡,50,重庆市,1432075659
201601,132,新加坡,51,四川省,238230077
201601,132,新加坡,52,贵州省,368237215
201601,132,新加坡,53,云南省,34774674
201601,132,新加坡,61,陕西省,227256696
201601,132,新加坡,62,甘肃省,60220385
201601,132,新加坡,64,宁夏回族自治区,2398163
201601,132,新加坡,65,新疆维吾尔自治区,2797418
201601,133,韩国,11,北京市,851843815
201601,133,韩国,12,天津市,1712003078
201601,133,韩国,13,河北省,1096441277
201601,133,韩国,14,山西省,190394467
201601,133,韩国,15,内蒙古自治区,163601983
201601,133,韩国,21,辽宁省,2172257308
201601,133,韩国,22,吉林省,228628660
201601,133,韩国,23,黑龙江省,49496156
201601,133,韩国,31,上海市,3684536223
201601,133,韩国,32,江苏省,8248941619
201601,133,韩国,33,浙江省,3043927305
201601,133,韩国,34,安徽省,348572597
201601,133,韩国,35,福建省,1722417516
201601,133,韩国,36,江西省,744800180
201601,133,韩国,37,山东省,6519954631
201601,133,韩国,41,河南省,805172706
201601,133,韩国,42,湖北省,244911424
201601,133,韩国,43,湖南省,259965071
201601,133,韩国,44,广东省,7823409851
201601,133,韩国,45,广西壮族自治区,107490692
201601,133,韩国,46,海南省,35611850
201601,133,韩国,50,重庆市,1089941604
201601,133,韩国,51,四川省,311929931
201601,133,韩国,52,贵州省,273420076
201601,133,韩国,53,云南省,235411464
201601,133,韩国,54,西藏自治区,22360
201601,133,韩国,61,陕西省,957904644
201601,133,韩国,62,甘肃省,427219349
201601,133,韩国,63,青海省,3172555
201601,133,韩国,64,宁夏回族自治区,67196637
201601,133,韩国,65,新疆维吾尔自治区,21059095
201601,134,斯里兰卡,11,北京市,36447230
201601,134,斯里兰卡,12,天津市,48551683
201601,134,斯里兰卡,13,河北省,44126001
201601,134,斯里兰卡,14,山西省,5085732
201601,134,斯里兰卡,15,内蒙古自治区,748922
201601,134,斯里兰卡,21,辽宁省,76142025
201601,134,斯里兰卡,22,吉林省,1237838
201601,134,斯里兰卡,23,黑龙江省,1958174
201601,134,斯里兰卡,31,上海市,129922363
201601,134,斯里兰卡,32,江苏省,206519457
201601,134,斯里兰卡,33,浙江省,625966050
201601,134,斯里兰卡,34,安徽省,21879406
201601,134,斯里兰卡,35,福建省,180410200
201601,134,斯里兰卡,36,江西省,31087286
201601,134,斯里兰卡,37,山东省,154805812
201601,134,斯里兰卡,41,河南省,22529340
201601,134,斯里兰卡,42,湖北省,13050286
201601,134,斯里兰卡,43,湖南省,15665564
201601,134,斯里兰卡,44,广东省,638098919
201601,134,斯里兰卡,45,广西壮族自治区,1777505
201601,134,斯里兰卡,46,海南省,2377589
201601,134,斯里兰卡,50,重庆市,49491522
201601,134,斯里兰卡,51,四川省,14664288
201601,134,斯里兰卡,52,贵州省,6530344
201601,134,斯里兰卡,53,云南省,8344369
201601,134,斯里兰卡,61,陕西省,6874726
201601,134,斯里兰卡,62,甘肃省,5008558
201601,134,斯里兰卡,64,宁夏回族自治区,3606377
201601,134,斯里兰卡,65,新疆维吾尔自治区,3484596
201601,135,叙利亚,11,北京市,9658326
201601,135,叙利亚,12,天津市,11563137
201601,135,叙利亚,13,河北省,10145564
201601,135,叙利亚,15,内蒙古自治区,2786988
201601,135,叙利亚,21,辽宁省,3476386
201601,135,叙利亚,23,黑龙江省,3957932
201601,135,叙利亚,31,上海市,8879913
201601,135,叙利亚,32,江苏省,33752337
201601,135,叙利亚,33,浙江省,200555532
201601,135,叙利亚,34,安徽省,12890279
201601,135,叙利亚,35,福建省,31067274
201601,135,叙利亚,36,江西省,10337971
201601,135,叙利亚,37,山东省,30977573
201601,135,叙利亚,41,河南省,3019386
201601,135,叙利亚,42,湖北省,7280531
201601,135,叙利亚,43,湖南省,2846938
201601,135,叙利亚,44,广东省,84911730
201601,135,叙利亚,45,广西壮族自治区,1326643
201601,135,叙利亚,50,重庆市,12052023
201601,135,叙利亚,51,四川省,3817637
201601,135,叙利亚,52,贵州省,285543
201601,135,叙利亚,53,云南省,3230030
201601,135,叙利亚,61,陕西省,4261
201601,135,叙利亚,62,甘肃省,1894205
201601,135,叙利亚,63,青海省,118912
201601,135,叙利亚,64,宁夏回族自治区,112449
201601,135,叙利亚,65,新疆维吾尔自治区,143470
201601,136,泰国,11,北京市,268545639
201601,136,泰国,12,天津市,565620825
201601,136,泰国,13,河北省,514632779
201601,136,泰国,14,山西省,86076872
201601,136,泰国,15,内蒙古自治区,56473079
201601,136,泰国,21,辽宁省,251924144
201601,136,泰国,22,吉林省,34596314
201601,136,泰国,23,黑龙江省,10939694
201601,136,泰国,31,上海市,1911780734
201601,136,泰国,32,江苏省,3259351681
201601,136,泰国,33,浙江省,2151412203
201601,136,泰国,34,安徽省,218535975
201601,136,泰国,35,福建省,1747379827
201601,136,泰国,36,江西省,577870911
201601,136,泰国,37,山东省,1118946715
201601,136,泰国,41,河南省,363149358
201601,136,泰国,42,湖北省,230191044
201601,136,泰国,43,湖南省,354439801
201601,136,泰国,44,广东省,4912822473
201601,136,泰国,45,广西壮族自治区,72537779
201601,136,泰国,46,海南省,36932699
201601,136,泰国,50,重庆市,429390428
201601,136,泰国,51,四川省,167836020
201601,136,泰国,52,贵州省,107610576
201601,136,泰国,53,云南省,701488776
201601,136,泰国,61,陕西省,129796750
201601,136,泰国,62,甘肃省,140921482
201601,136,泰国,63,青海省,5517078
201601,136,泰国,64,宁夏回族自治区,23549149
201601,136,泰国,65,新疆维吾尔自治区,126160889
201601,137,土耳其,11,北京市,531513099
201601,137,土耳其,12,天津市,285522123
201601,137,土耳其,13,河北省,533216928
201601,137,土耳其,14,山西省,208943585
201601,137,土耳其,15,内蒙古自治区,7522852
201601,137,土耳其,21,辽宁省,85843320
201601,137,土耳其,22,吉林省,13190021
201601,137,土耳其,23,黑龙江省,99878243
201601,137,土耳其,31,上海市,538303795
201601,137,土耳其,32,江苏省,1434778198
201601,137,土耳其,33,浙江省,1774006947
201601,137,土耳其,34,安徽省,147959959
201601,137,土耳其,35,福建省,421172162
201601,137,土耳其,36,江西省,80750777
201601,137,土耳其,37,山东省,653538079
201601,137,土耳其,41,河南省,270748183
201601,137,土耳其,42,湖北省,127695305
201601,137,土耳其,43,湖南省,47625627
201601,137,土耳其,44,广东省,1869340541
201601,137,土耳其,45,广西壮族自治区,37710244
201601,137,土耳其,46,海南省,11221723
201601,137,土耳其,50,重庆市,224212363
201601,137,土耳其,51,四川省,82723317
201601,137,土耳其,52,贵州省,8645314
201601,137,土耳其,53,云南省,12489621
201601,137,土耳其,54,西藏自治区,409953
201601,137,土耳其,61,陕西省,21267416
201601,137,土耳其,62,甘肃省,25151027
201601,137,土耳其,63,青海省,142656
201601,137,土耳其,64,宁夏回族自治区,2726011
201601,137,土耳其,65,新疆维吾尔自治区,13251364
201601,138,阿联酋,11,北京市,162610460
201601,138,阿联酋,12,天津市,952884066
201601,138,阿联酋,13,河北省,265792421
201601,138,阿联酋,14,山西省,160805817
201601,138,阿联酋,15,内蒙古自治区,36225774
201601,138,阿联酋,21,辽宁省,190257673
201601,138,阿联酋,22,吉林省,11090423
201601,138,阿联酋,23,黑龙江省,26146812
201601,138,阿联酋,31,上海市,686410384
201601,138,阿联酋,32,江苏省,1682965416
201601,138,阿联酋,33,浙江省,3200995086
201601,138,阿联酋,34,安徽省,234387171
201601,138,阿联酋,35,福建省,2088248640
201601,138,阿联酋,36,江西省,294399088
201601,138,阿联酋,37,山东省,888744888
201601,138,阿联酋,41,河南省,248145798
201601,138,阿联酋,42,湖北省,147253727
201601,138,阿联酋,43,湖南省,141004909
201601,138,阿联酋,44,广东省,4887659154
201601,138,阿联酋,45,广西壮族自治区,15411854
201601,138,阿联酋,46,海南省,3222458
201601,138,阿联酋,50,重庆市,659244399
201601,138,阿联酋,51,四川省,109641191
201601,138,阿联酋,52,贵州省,58225825
201601,138,阿联酋,53,云南省,30586183
201601,138,阿联酋,61,陕西省,319718225
201601,138,阿联酋,62,甘肃省,56648806
201601,138,阿联酋,63,青海省,3787794
201601,138,阿联酋,64,宁夏回族自治区,4618775
201601,138,阿联酋,65,新疆维吾尔自治区,16545797
201601,139,也门,11,北京市,4483773
201601,139,也门,12,天津市,11072544
201601,139,也门,13,河北省,20711858
201601,139,也门,15,内蒙古自治区,68575
201601,139,也门,21,辽宁省,5792164
201601,139,也门,22,吉林省,1347360
201601,139,也门,23,黑龙江省,692755
201601,139,也门,31,上海市,13125970
201601,139,也门,32,江苏省,85431151
201601,139,也门,33,浙江省,399329117
201601,139,也门,34,安徽省,16852286
201601,139,也门,35,福建省,123878238
201601,139,也门,36,江西省,14204144
201601,139,也门,37,山东省,41747344
201601,139,也门,41,河南省,3315301
201601,139,也门,42,湖北省,30079698
201601,139,也门,43,湖南省,1052739
201601,139,也门,44,广东省,129027754
201601,139,也门,45,广西壮族自治区,171390
201601,139,也门,46,海南省,238476
201601,139,也门,50,重庆市,23840964
201601,139,也门,51,四川省,3108607
201601,139,也门,52,贵州省,2413966
201601,139,也门,53,云南省,1700206
201601,139,也门,61,陕西省,8085696
201601,139,也门,62,甘肃省,2797029
201601,139,也门,64,宁夏回族自治区,2609772
201601,139,也门,65,新疆维吾尔自治区,7964306
201601,141,越南,11,北京市,907800637
201601,141,越南,12,天津市,1440621627
201601,141,越南,13,河北省,731656207
201601,141,越南,14,山西省,60424904
201601,141,越南,15,内蒙古自治区,104361691
201601,141,越南,21,辽宁省,1077346641
201601,141,越南,22,吉林省,65319353
201601,141,越南,23,黑龙江省,11404526
201601,141,越南,31,上海市,1528341119
201601,141,越南,32,江苏省,3248313640
201601,141,越南,33,浙江省,2592863270
201601,141,越南,34,安徽省,419704356
201601,141,越南,35,福建省,1211523191
201601,141,越南,36,江西省,339022272
201601,141,越南,37,山东省,1353887680
201601,141,越南,41,河南省,439385045
201601,141,越南,42,湖北省,306069551
201601,141,越南,43,湖南省,127276388
201601,141,越南,44,广东省,4936905741
201601,141,越南,45,广西壮族自治区,8115132624
201601,141,越南,46,海南省,21498307
201601,141,越南,50,重庆市,360460131
201601,141,越南,51,四川省,198910245
201601,141,越南,52,贵州省,75881601
201601,141,越南,53,云南省,516049005
201601,141,越南,61,陕西省,43146869
201601,141,越南,62,甘肃省,68508369
201601,141,越南,64,宁夏回族自治区,5500130
201601,141,越南,65,新疆维吾尔自治区,21002257
201601,143,中国台湾,11,北京市,570310289
201601,143,中国台湾,12,天津市,473001607
201601,143,中国台湾,13,河北省,400812122
201601,143,中国台湾,14,山西省,223940049
201601,143,中国台湾,15,内蒙古自治区,9905549
201601,143,中国台湾,21,辽宁省,254857970
201601,143,中国台湾,22,吉林省,46109086
201601,143,中国台湾,23,黑龙江省,20018333
201601,143,中国台湾,31,上海市,3299996775
201601,143,中国台湾,32,江苏省,4631536108
201601,143,中国台湾,33,浙江省,1623668425
201601,143,中国台湾,34,安徽省,230662619
201601,143,中国台湾,35,福建省,2244039487
201601,143,中国台湾,36,江西省,279707875
201601,143,中国台湾,37,山东省,1002332387
201601,143,中国台湾,41,河南省,238410161
201601,143,中国台湾,42,湖北省,285495611
201601,143,中国台湾,43,湖南省,117772109
201601,143,中国台湾,44,广东省,3434352593
201601,143,中国台湾,45,广西壮族自治区,95445291
201601,143,中国台湾,46,海南省,6645435
201601,143,中国台湾,50,重庆市,318275201
201601,143,中国台湾,51,四川省,204956490
201601,143,中国台湾,52,贵州省,16721823
201601,143,中国台湾,53,云南省,57860696
201601,143,中国台湾,61,陕西省,269209076
201601,143,中国台湾,62,甘肃省,79512064
201601,143,中国台湾,63,青海省,742514
201601,143,中国台湾,64,宁夏回族自治区,36499233
201601,143,中国台湾,65,新疆维吾尔自治区,7709209
201601,144,东帝汶,11,北京市,20192
201601,144,东帝汶,12,天津市,287211
201601,144,东帝汶,13,河北省,192642
201601,144,东帝汶,31,上海市,4305
201601,144,东帝汶,32,江苏省,711206
201601,144,东帝汶,33,浙江省,8644890
201601,144,东帝汶,34,安徽省,1862637
201601,144,东帝汶,35,福建省,3296348
201601,144,东帝汶,36,江西省,3433552
201601,144,东帝汶,37,山东省,6766136
201601,144,东帝汶,41,河南省,155254
201601,144,东帝汶,42,湖北省,347659
201601,144,东帝汶,43,湖南省,284354
201601,144,东帝汶,44,广东省,11949460
201601,144,东帝汶,50,重庆市,2415229
201601,144,东帝汶,51,四川省,161639
201601,144,东帝汶,52,贵州省,106804
201601,144,东帝汶,53,云南省,845538
201601,144,东帝汶,62,甘肃省,131936
201601,145,哈萨克斯坦,11,北京市,114685863
201601,145,哈萨克斯坦,12,天津市,41719422
201601,145,哈萨克斯坦,13,河北省,40905070
201601,145,哈萨克斯坦,14,山西省,14885797
201601,145,哈萨克斯坦,15,内蒙古自治区,734475
201601,145,哈萨克斯坦,21,辽宁省,35817647
201601,145,哈萨克斯坦,22,吉林省,16882
201601,145,哈萨克斯坦,23,黑龙江省,3461714
201601,145,哈萨克斯坦,31,上海市,41968247
201601,145,哈萨克斯坦,32,江苏省,101398198
201601,145,哈萨克斯坦,33,浙江省,129896525
201601,145,哈萨克斯坦,34,安徽省,12003713
201601,145,哈萨克斯坦,35,福建省,75885795
201601,145,哈萨克斯坦,36,江西省,27859147
201601,145,哈萨克斯坦,37,山东省,94541527
201601,145,哈萨克斯坦,41,河南省,113350186
201601,145,哈萨克斯坦,42,湖北省,10594324
201601,145,哈萨克斯坦,43,湖南省,6678612
201601,145,哈萨克斯坦,44,广东省,122910809
201601,145,哈萨克斯坦,45,广西壮族自治区,3876006
201601,145,哈萨克斯坦,50,重庆市,6489413
201601,145,哈萨克斯坦,51,四川省,5427401
201601,145,哈萨克斯坦,52,贵州省,165902
201601,145,哈萨克斯坦,53,云南省,2499165
201601,145,哈萨克斯坦,61,陕西省,580727
201601,145,哈萨克斯坦,62,甘肃省,9098950
201601,145,哈萨克斯坦,64,宁夏回族自治区,2707126
201601,145,哈萨克斯坦,65,新疆维吾尔自治区,1980950425
201601,146,吉尔吉斯斯坦,11,北京市,2643695
201601,146,吉尔吉斯斯坦,12,天津市,14906020
201601,146,吉尔吉斯斯坦,13,河北省,16665963
201601,146,吉尔吉斯斯坦,14,山西省,19388
201601,146,吉尔吉斯斯坦,15,内蒙古自治区,186344
201601,146,吉尔吉斯斯坦,21,辽宁省,1931412
201601,146,吉尔吉斯斯坦,23,黑龙江省,2344733
201601,146,吉尔吉斯斯坦,31,上海市,2951729
201601,146,吉尔吉斯斯坦,32,江苏省,15002241
201601,146,吉尔吉斯斯坦,33,浙江省,89352938
201601,146,吉尔吉斯斯坦,34,安徽省,18677143
201601,146,吉尔吉斯斯坦,35,福建省,48034312
201601,146,吉尔吉斯斯坦,36,江西省,63856304
201601,146,吉尔吉斯斯坦,37,山东省,19769409
201601,146,吉尔吉斯斯坦,41,河南省,3375050
201601,146,吉尔吉斯斯坦,42,湖北省,7018
201601,146,吉尔吉斯斯坦,43,湖南省,19034489
201601,146,吉尔吉斯斯坦,44,广东省,46511698
201601,146,吉尔吉斯斯坦,45,广西壮族自治区,4847
201601,146,吉尔吉斯斯坦,50,重庆市,4300581
201601,146,吉尔吉斯斯坦,51,四川省,8850507
201601,146,吉尔吉斯斯坦,53,云南省,344204
201601,146,吉尔吉斯斯坦,61,陕西省,1589590
201601,146,吉尔吉斯斯坦,62,甘肃省,4599166
201601,146,吉尔吉斯斯坦,65,新疆维吾尔自治区,2069884718
201601,147,塔吉克斯坦,11,北京市,92491835
201601,147,塔吉克斯坦,12,天津市,606136
201601,147,塔吉克斯坦,13,河北省,4893498
201601,147,塔吉克斯坦,21,辽宁省,1198641
201601,147,塔吉克斯坦,31,上海市,4854393
201601,147,塔吉克斯坦,32,江苏省,25745043
201601,147,塔吉克斯坦,33,浙江省,8083040
201601,147,塔吉克斯坦,34,安徽省,585543
201601,147,塔吉克斯坦,35,福建省,12446220
201601,147,塔吉克斯坦,36,江西省,758895
201601,147,塔吉克斯坦,37,山东省,8211032
201601,147,塔吉克斯坦,41,河南省,5235830
201601,147,塔吉克斯坦,42,湖北省,8670777
201601,147,塔吉克斯坦,44,广东省,23418090
201601,147,塔吉克斯坦,45,广西壮族自治区,355443
201601,147,塔吉克斯坦,50,重庆市,779906
201601,147,塔吉克斯坦,61,陕西省,1476993
201601,147,塔吉克斯坦,62,甘肃省,735898
201601,147,塔吉克斯坦,65,新疆维吾尔自治区,598552807
201601,148,土库曼斯坦,11,北京市,15173263
201601,148,土库曼斯坦,12,天津市,1922055
201601,148,土库曼斯坦,13,河北省,3396362
201601,148,土库曼斯坦,21,辽宁省,5845801
201601,148,土库曼斯坦,23,黑龙江省,3113609
201601,148,土库曼斯坦,31,上海市,10533329
201601,148,土库曼斯坦,32,江苏省,19173107
201601,148,土库曼斯坦,33,浙江省,21422629
201601,148,土库曼斯坦,34,安徽省,1591526
201601,148,土库曼斯坦,35,福建省,1624117
201601,148,土库曼斯坦,36,江西省,1655255
201601,148,土库曼斯坦,37,山东省,23474741
201601,148,土库曼斯坦,41,河南省,3748944
201601,148,土库曼斯坦,42,湖北省,4339593
201601,148,土库曼斯坦,43,湖南省,47536737
201601,148,土库曼斯坦,44,广东省,20213220
201601,148,土库曼斯坦,50,重庆市,292785
201601,148,土库曼斯坦,51,四川省,18802790
201601,148,土库曼斯坦,53,云南省,225030
201601,148,土库曼斯坦,62,甘肃省,1952714
201601,148,土库曼斯坦,65,新疆维吾尔自治区,45625647
201601,149,乌兹别克斯坦,11,北京市,22040724
201601,149,乌兹别克斯坦,12,天津市,14260574
201601,149,乌兹别克斯坦,13,河北省,11166005
201601,149,乌兹别克斯坦,14,山西省,582022
201601,149,乌兹别克斯坦,15,内蒙古自治区,22711
201601,149,乌兹别克斯坦,21,辽宁省,10188643
201601,149,乌兹别克斯坦,22,吉林省,43745
201601,149,乌兹别克斯坦,23,黑龙江省,285358028
201601,149,乌兹别克斯坦,31,上海市,30344664
201601,149,乌兹别克斯坦,32,江苏省,86664973
201601,149,乌兹别克斯坦,33,浙江省,133524210
201601,149,乌兹别克斯坦,34,安徽省,12641229
201601,149,乌兹别克斯坦,35,福建省,7452043
201601,149,乌兹别克斯坦,36,江西省,17362419
201601,149,乌兹别克斯坦,37,山东省,57046705
201601,149,乌兹别克斯坦,41,河南省,33143492
201601,149,乌兹别克斯坦,42,湖北省,14453134
201601,149,乌兹别克斯坦,43,湖南省,3953087
201601,149,乌兹别克斯坦,44,广东省,142745766
201601,149,乌兹别克斯坦,45,广西壮族自治区,106380
201601,149,乌兹别克斯坦,50,重庆市,11678888
201601,149,乌兹别克斯坦,51,四川省,5411149
201601,149,乌兹别克斯坦,52,贵州省,1149539
201601,149,乌兹别克斯坦,53,云南省,9447316
201601,149,乌兹别克斯坦,61,陕西省,84856
201601,149,乌兹别克斯坦,62,甘肃省,25990295
201601,149,乌兹别克斯坦,65,新疆维吾尔自治区,130543663
201601,199,亚洲其他国家(地区),13,河北省,23433
201601,199,亚洲其他国家(地区),31,上海市,87220
201601,199,亚洲其他国家(地区),33,浙江省,55404
201601,199,亚洲其他国家(地区),42,湖北省,41296
201601,199,亚洲其他国家(地区),44,广东省,5058
201601,201,阿尔及利亚,11,北京市,45459706
201601,201,阿尔及利亚,12,天津市,171537634
201601,201,阿尔及利亚,13,河北省,131994305
201601,201,阿尔及利亚,14,山西省,1560849
201601,201,阿尔及利亚,15,内蒙古自治区,6767137
201601,201,阿尔及利亚,21,辽宁省,9831659
201601,201,阿尔及利亚,22,吉林省,6631896
201601,201,阿尔及利亚,23,黑龙江省,297894
201601,201,阿尔及利亚,31,上海市,170953219
201601,201,阿尔及利亚,32,江苏省,369515075
201601,201,阿尔及利亚,33,浙江省,1355018920
201601,201,阿尔及利亚,34,安徽省,108890804
201601,201,阿尔及利亚,35,福建省,494060071
201601,201,阿尔及利亚,36,江西省,74907245
201601,201,阿尔及利亚,37,山东省,478906919
201601,201,阿尔及利亚,41,河南省,31648519
201601,201,阿尔及利亚,42,湖北省,21496660
201601,201,阿尔及利亚,43,湖南省,121288625
201601,201,阿尔及利亚,44,广东省,900923764
201601,201,阿尔及利亚,45,广西壮族自治区,7296229
201601,201,阿尔及利亚,46,海南省,35405
201601,201,阿尔及利亚,50,重庆市,75621502
201601,201,阿尔及利亚,51,四川省,40256269
201601,201,阿尔及利亚,52,贵州省,2782807
201601,201,阿尔及利亚,53,云南省,4087323
201601,201,阿尔及利亚,61,陕西省,2565465
201601,201,阿尔及利亚,62,甘肃省,12386081
201601,201,阿尔及利亚,64,宁夏回族自治区,1102079
201601,201,阿尔及利亚,65,新疆维吾尔自治区,3367377
201601,202,安哥拉,11,北京市,220817960
201601,202,安哥拉,12,天津市,22134501
201601,202,安哥拉,13,河北省,12381130
201601,202,安哥拉,14,山西省,936100
201601,202,安哥拉,21,辽宁省,2221505
201601,202,安哥拉,22,吉林省,389648
201601,202,安哥拉,23,黑龙江省,11355124
201601,202,安哥拉,31,上海市,29783250
201601,202,安哥拉,32,江苏省,58220683
201601,202,安哥拉,33,浙江省,116677039
201601,202,安哥拉,34,安徽省,14382264
201601,202,安哥拉,35,福建省,74183124
201601,202,安哥拉,36,江西省,12378256
201601,202,安哥拉,37,山东省,94473808
201601,202,安哥拉,41,河南省,4353314
201601,202,安哥拉,42,湖北省,23554117
201601,202,安哥拉,43,湖南省,1494053
201601,202,安哥拉,44,广东省,180488345
201601,202,安哥拉,45,广西壮族自治区,2586341
201601,202,安哥拉,50,重庆市,15086738
201601,202,安哥拉,51,四川省,7220070
201601,202,安哥拉,52,贵州省,2021652
201601,202,安哥拉,53,云南省,2523925
201601,202,安哥拉,61,陕西省,7126547
201601,202,安哥拉,62,甘肃省,5005327
201601,202,安哥拉,65,新疆维吾尔自治区,6971747
201601,203,贝宁,11,北京市,2465989
201601,203,贝宁,12,天津市,31044546
201601,203,贝宁,13,河北省,21890348
201601,203,贝宁,14,山西省,1899808
201601,203,贝宁,21,辽宁省,15399233
201601,203,贝宁,31,上海市,20228625
201601,203,贝宁,32,江苏省,33902865
201601,203,贝宁,33,浙江省,342871101
201601,203,贝宁,34,安徽省,47190166
201601,203,贝宁,35,福建省,30734543
201601,203,贝宁,36,江西省,23680984
201601,203,贝宁,37,山东省,237724141
201601,203,贝宁,41,河南省,86102082
201601,203,贝宁,42,湖北省,7498725
201601,203,贝宁,43,湖南省,6219030
201601,203,贝宁,44,广东省,261151018
201601,203,贝宁,45,广西壮族自治区,227290
201601,203,贝宁,50,重庆市,9331174
201601,203,贝宁,51,四川省,4783504
201601,203,贝宁,52,贵州省,1299554
201601,203,贝宁,53,云南省,1400067
201601,203,贝宁,61,陕西省,1487760
201601,203,贝宁,62,甘肃省,2328183
201601,204,博茨瓦纳,11,北京市,3232387
201601,204,博茨瓦纳,12,天津市,1191602
201601,204,博茨瓦纳,13,河北省,1100122
201601,204,博茨瓦纳,21,辽宁省,1065614
201601,204,博茨瓦纳,31,上海市,6394200
201601,204,博茨瓦纳,32,江苏省,5793288
201601,204,博茨瓦纳,33,浙江省,37328704
201601,204,博茨瓦纳,34,安徽省,478897
201601,204,博茨瓦纳,35,福建省,8806944
201601,204,博茨瓦纳,36,江西省,2033667
201601,204,博茨瓦纳,37,山东省,9226352
201601,204,博茨瓦纳,41,河南省,3143181
201601,204,博茨瓦纳,42,湖北省,275138
201601,204,博茨瓦纳,44,广东省,33390921
201601,204,博茨瓦纳,46,海南省,113979
201601,204,博茨瓦纳,50,重庆市,778227
201601,204,博茨瓦纳,51,四川省,931898
201601,204,博茨瓦纳,53,云南省,28200
201601,204,博茨瓦纳,61,陕西省,896357
201601,204,博茨瓦纳,62,甘肃省,3952397
201601,205,布隆迪,11,北京市,19306690
201601,205,布隆迪,12,天津市,24392
201601,205,布隆迪,13,河北省,784350
201601,205,布隆迪,31,上海市,70062
201601,205,布隆迪,32,江苏省,1393338
201601,205,布隆迪,33,浙江省,205662
201601,205,布隆迪,35,福建省,805610
201601,205,布隆迪,36,江西省,40839
201601,205,布隆迪,37,山东省,1169243
201601,205,布隆迪,44,广东省,2302067
201601,205,布隆迪,45,广西壮族自治区,40650
201601,206,喀麦隆,11,北京市,47894813
201601,206,喀麦隆,12,天津市,7939341
201601,206,喀麦隆,13,河北省,10784672
201601,206,喀麦隆,14,山西省,40197
201601,206,喀麦隆,15,内蒙古自治区,66655
201601,206,喀麦隆,21,辽宁省,8713945
201601,206,喀麦隆,22,吉林省,123888
201601,206,喀麦隆,31,上海市,32087340
201601,206,喀麦隆,32,江苏省,33882376
201601,206,喀麦隆,33,浙江省,170194192
201601,206,喀麦隆,34,安徽省,6126297
201601,206,喀麦隆,35,福建省,96352941
201601,206,喀麦隆,36,江西省,13609670
201601,206,喀麦隆,37,山东省,71705104
201601,206,喀麦隆,41,河南省,4189613
201601,206,喀麦隆,42,湖北省,1710271
201601,206,喀麦隆,43,湖南省,256511
201601,206,喀麦隆,44,广东省,172262290
201601,206,喀麦隆,45,广西壮族自治区,276566
201601,206,喀麦隆,50,重庆市,19736658
201601,206,喀麦隆,51,四川省,546576
201601,206,喀麦隆,52,贵州省,210857
201601,206,喀麦隆,53,云南省,1883886
201601,206,喀麦隆,61,陕西省,1078110
201601,206,喀麦隆,62,甘肃省,244242
201601,206,喀麦隆,64,宁夏回族自治区,3125519
201601,207,加那利群岛,11,北京市,4281
201601,207,加那利群岛,14,山西省,194809
201601,207,加那利群岛,31,上海市,120119
201601,207,加那利群岛,32,江苏省,82182
201601,207,加那利群岛,33,浙江省,533330
201601,207,加那利群岛,35,福建省,56651
201601,207,加那利群岛,37,山东省,193366
201601,207,加那利群岛,42,湖北省,15710
201601,207,加那利群岛,44,广东省,209184
201601,207,加那利群岛,50,重庆市,165443
201601,207,加那利群岛,51,四川省,620
201601,208,佛得角,11,北京市,189055
201601,208,佛得角,12,天津市,2752
201601,208,佛得角,13,河北省,1098122
201601,208,佛得角,31,上海市,1109575
201601,208,佛得角,32,江苏省,1304451
201601,208,佛得角,33,浙江省,6895996
201601,208,佛得角,35,福建省,61043
201601,208,佛得角,37,山东省,3552385
201601,208,佛得角,41,河南省,83751
201601,208,佛得角,42,湖北省,68149
201601,208,佛得角,44,广东省,3911863
201601,208,佛得角,52,贵州省,258281
201601,208,佛得角,62,甘肃省,654338
201601,209,中非,11,北京市,15380177
201601,209,中非,12,天津市,1737298
201601,209,中非,31,上海市,594061
201601,209,中非,33,浙江省,711
201601,209,中非,35,福建省,102106
201601,209,中非,37,山东省,703315
201601,209,中非,44,广东省,122752
201601,209,中非,46,海南省,666903
201601,211,乍得,11,北京市,8499014
201601,211,乍得,12,天津市,115461
201601,211,乍得,13,河北省,1325443
201601,211,乍得,22,吉林省,560047
201601,211,乍得,23,黑龙江省,6997332
201601,211,乍得,31,上海市,732600
201601,211,乍得,32,江苏省,9694
201601,211,乍得,33,浙江省,9290151
201601,211,乍得,34,安徽省,290984
201601,211,乍得,35,福建省,7122
201601,211,乍得,37,山东省,821342
201601,211,乍得,41,河南省,214568
201601,211,乍得,43,湖南省,241448
201601,211,乍得,44,广东省,931714
201601,211,乍得,45,广西壮族自治区,153729
201601,212,科摩罗,11,北京市,224597
201601,212,科摩罗,12,天津市,69105
201601,212,科摩罗,13,河北省,56790
201601,212,科摩罗,23,黑龙江省,20734
201601,212,科摩罗,31,上海市,1889
201601,212,科摩罗,32,江苏省,472941
201601,212,科摩罗,33,浙江省,1708802
201601,212,科摩罗,35,福建省,1621001
201601,212,科摩罗,36,江西省,156548
201601,212,科摩罗,37,山东省,910374
201601,212,科摩罗,41,河南省,1092156
201601,212,科摩罗,44,广东省,8036639
201601,212,科摩罗,62,甘肃省,95304
201601,213,刚果共和国,11,北京市,46645886
201601,213,刚果共和国,12,天津市,882796
201601,213,刚果共和国,13,河北省,2829699
201601,213,刚果共和国,21,辽宁省,8606786
201601,213,刚果共和国,22,吉林省,393746
201601,213,刚果共和国,31,上海市,24694943
201601,213,刚果共和国,32,江苏省,52705763
201601,213,刚果共和国,33,浙江省,53704061
201601,213,刚果共和国,34,安徽省,2541893
201601,213,刚果共和国,35,福建省,15495809
201601,213,刚果共和国,36,江西省,4670090
201601,213,刚果共和国,37,山东省,44769352
201601,213,刚果共和国,41,河南省,669392
201601,213,刚果共和国,42,湖北省,5006880
201601,213,刚果共和国,43,湖南省,2467215
201601,213,刚果共和国,44,广东省,182568862
201601,213,刚果共和国,45,广西壮族自治区,239605
201601,213,刚果共和国,50,重庆市,10800835
201601,213,刚果共和国,51,四川省,272809
201601,213,刚果共和国,52,贵州省,1167552
201601,213,刚果共和国,53,云南省,289395
201601,213,刚果共和国,61,陕西省,1892190
201601,213,刚果共和国,62,甘肃省,7124075
201601,214,吉布提,11,北京市,28372719
201601,214,吉布提,12,天津市,8424191
201601,214,吉布提,13,河北省,7938209
201601,214,吉布提,14,山西省,448268
201601,214,吉布提,15,内蒙古自治区,866757
201601,214,吉布提,21,辽宁省,3190610
201601,214,吉布提,31,上海市,57078477
201601,214,吉布提,32,江苏省,52396463
201601,214,吉布提,33,浙江省,430880393
201601,214,吉布提,34,安徽省,6526303
201601,214,吉布提,35,福建省,76545603
201601,214,吉布提,36,江西省,10254993
201601,214,吉布提,37,山东省,74050527
201601,214,吉布提,41,河南省,7020531
201601,214,吉布提,42,湖北省,2763916
201601,214,吉布提,43,湖南省,22990256
201601,214,吉布提,44,广东省,167712689
201601,214,吉布提,45,广西壮族自治区,675950
201601,214,吉布提,50,重庆市,40800546
201601,214,吉布提,51,四川省,5982239
201601,214,吉布提,52,贵州省,1844529
201601,214,吉布提,53,云南省,1427801
201601,214,吉布提,61,陕西省,1224973
201601,214,吉布提,62,甘肃省,5820014
201601,214,吉布提,65,新疆维吾尔自治区,1486227
201601,215,埃及,11,北京市,161593667
201601,215,埃及,12,天津市,160775370
201601,215,埃及,13,河北省,129056895
201601,215,埃及,14,山西省,5259660
201601,215,埃及,15,内蒙古自治区,35000063
201601,215,埃及,21,辽宁省,102225399
201601,215,埃及,22,吉林省,1548226
201601,215,埃及,23,黑龙江省,924871
201601,215,埃及,31,上海市,301094985
201601,215,埃及,32,江苏省,559966986
201601,215,埃及,33,浙江省,1695027682
201601,215,埃及,34,安徽省,145207680
201601,215,埃及,35,福建省,730634828
201601,215,埃及,36,江西省,186048916
201601,215,埃及,37,山东省,338458029
201601,215,埃及,41,河南省,64098492
201601,215,埃及,42,湖北省,35975089
201601,215,埃及,43,湖南省,52855800
201601,215,埃及,44,广东省,1590718893
201601,215,埃及,45,广西壮族自治区,17461791
201601,215,埃及,46,海南省,8996001
201601,215,埃及,50,重庆市,220990876
201601,215,埃及,51,四川省,40098347
201601,215,埃及,52,贵州省,16279949
201601,215,埃及,53,云南省,6641244
201601,215,埃及,61,陕西省,43609099
201601,215,埃及,62,甘肃省,42755843
201601,215,埃及,63,青海省,874606
201601,215,埃及,64,宁夏回族自治区,1094005
201601,215,埃及,65,新疆维吾尔自治区,6623654
201601,216,赤道几内亚,11,北京市,3975521
201601,216,赤道几内亚,12,天津市,337180
201601,216,赤道几内亚,13,河北省,315557
201601,216,赤道几内亚,15,内蒙古自治区,509986
201601,216,赤道几内亚,21,辽宁省,3888331
201601,216,赤道几内亚,31,上海市,345360
201601,216,赤道几内亚,32,江苏省,449791
201601,216,赤道几内亚,33,浙江省,21643989
201601,216,赤道几内亚,34,安徽省,1428745
201601,216,赤道几内亚,35,福建省,3684103
201601,216,赤道几内亚,36,江西省,485032
201601,216,赤道几内亚,37,山东省,12280116
201601,216,赤道几内亚,44,广东省,8020783
201601,216,赤道几内亚,53,云南省,335616
201601,216,赤道几内亚,62,甘肃省,245148
201601,217,埃塞俄比亚,11,北京市,642647826
201601,217,埃塞俄比亚,12,天津市,23377784
201601,217,埃塞俄比亚,13,河北省,14543001
201601,217,埃塞俄比亚,14,山西省,4270867
201601,217,埃塞俄比亚,15,内蒙古自治区,852039
201601,217,埃塞俄比亚,21,辽宁省,1536138
201601,217,埃塞俄比亚,22,吉林省,282886
201601,217,埃塞俄比亚,23,黑龙江省,468804
201601,217,埃塞俄比亚,31,上海市,27566344
201601,217,埃塞俄比亚,32,江苏省,89338157
201601,217,埃塞俄比亚,33,浙江省,105278331
201601,217,埃塞俄比亚,34,安徽省,16135183
201601,217,埃塞俄比亚,35,福建省,27966911
201601,217,埃塞俄比亚,36,江西省,7693736
201601,217,埃塞俄比亚,37,山东省,152681429
201601,217,埃塞俄比亚,41,河南省,44394725
201601,217,埃塞俄比亚,42,湖北省,2631123
201601,217,埃塞俄比亚,43,湖南省,25820518
201601,217,埃塞俄比亚,44,广东省,722920385
201601,217,埃塞俄比亚,45,广西壮族自治区,1023351
201601,217,埃塞俄比亚,46,海南省,38776
201601,217,埃塞俄比亚,50,重庆市,14429657
201601,217,埃塞俄比亚,51,四川省,62587445
201601,217,埃塞俄比亚,52,贵州省,74190
201601,217,埃塞俄比亚,53,云南省,367358
201601,217,埃塞俄比亚,61,陕西省,13599919
201601,217,埃塞俄比亚,62,甘肃省,3628253
201601,217,埃塞俄比亚,65,新疆维吾尔自治区,2602463
201601,218,加蓬,11,北京市,14986325
201601,218,加蓬,12,天津市,25338663
201601,218,加蓬,13,河北省,1286072
201601,218,加蓬,21,辽宁省,5225645
201601,218,加蓬,31,上海市,28508973
201601,218,加蓬,32,江苏省,4617690
201601,218,加蓬,33,浙江省,44787873
201601,218,加蓬,34,安徽省,2344948
201601,218,加蓬,35,福建省,6440808
201601,218,加蓬,36,江西省,3133808
201601,218,加蓬,37,山东省,17725544
201601,218,加蓬,41,河南省,472526
201601,218,加蓬,42,湖北省,63829
201601,218,加蓬,43,湖南省,47452
201601,218,加蓬,44,广东省,78211144
201601,218,加蓬,45,广西壮族自治区,16157
201601,218,加蓬,46,海南省,459969
201601,218,加蓬,50,重庆市,4333529
201601,218,加蓬,51,四川省,45452073
201601,218,加蓬,53,云南省,1309905
201601,218,加蓬,61,陕西省,100946
201601,219,冈比亚,11,北京市,500588
201601,219,冈比亚,12,天津市,3699574
201601,219,冈比亚,13,河北省,6285593
201601,219,冈比亚,31,上海市,3450702
201601,219,冈比亚,32,江苏省,5305458
201601,219,冈比亚,33,浙江省,48364101
201601,219,冈比亚,34,安徽省,2309631
201601,219,冈比亚,35,福建省,4591571
201601,219,冈比亚,36,江西省,1767512
201601,219,冈比亚,37,山东省,48274709
201601,219,冈比亚,42,湖北省,2
201601,219,冈比亚,43,湖南省,429763
201601,219,冈比亚,44,广东省,33767610
201601,219,冈比亚,46,海南省,107730
201601,219,冈比亚,50,重庆市,5939193
201601,219,冈比亚,51,四川省,685
201601,219,冈比亚,52,贵州省,40609
201601,219,冈比亚,53,云南省,38942
201601,219,冈比亚,62,甘肃省,72128
201601,220,加纳,11,北京市,26826673
201601,220,加纳,12,天津市,78119343
201601,220,加纳,13,河北省,79895714
201601,220,加纳,14,山西省,359198
201601,220,加纳,15,内蒙古自治区,3122170
201601,220,加纳,21,辽宁省,7887657
201601,220,加纳,22,吉林省,210494
201601,220,加纳,31,上海市,70971740
201601,220,加纳,32,江苏省,168297796
201601,220,加纳,33,浙江省,522848519
201601,220,加纳,34,安徽省,75504657
201601,220,加纳,35,福建省,153392306
201601,220,加纳,36,江西省,41937035
201601,220,加纳,37,山东省,211032749
201601,220,加纳,41,河南省,68791973
201601,220,加纳,42,湖北省,3060414
201601,220,加纳,43,湖南省,3074598
201601,220,加纳,44,广东省,774382908
201601,220,加纳,45,广西壮族自治区,5133074
201601,220,加纳,46,海南省,4913693
201601,220,加纳,50,重庆市,53981962
201601,220,加纳,51,四川省,3860723
201601,220,加纳,52,贵州省,5362682
201601,220,加纳,53,云南省,2164196
201601,220,加纳,61,陕西省,2117602
201601,220,加纳,62,甘肃省,13493407
201601,220,加纳,64,宁夏回族自治区,387006
201601,220,加纳,65,新疆维吾尔自治区,17479781
201601,221,几内亚,11,北京市,7676452
201601,221,几内亚,12,天津市,10310826
201601,221,几内亚,13,河北省,7624217
201601,221,几内亚,21,辽宁省,5122791
201601,221,几内亚,23,黑龙江省,1305855
201601,221,几内亚,31,上海市,12527797
201601,221,几内亚,32,江苏省,12506675
201601,221,几内亚,33,浙江省,103519593
201601,221,几内亚,34,安徽省,15721895
201601,221,几内亚,35,福建省,24731203
201601,221,几内亚,36,江西省,9021770
201601,221,几内亚,37,山东省,59469308
201601,221,几内亚,41,河南省,925042
201601,221,几内亚,42,湖北省,969658
201601,221,几内亚,43,湖南省,341225
201601,221,几内亚,44,广东省,246929712
201601,221,几内亚,45,广西壮族自治区,3928814
201601,221,几内亚,50,重庆市,23707625
201601,221,几内亚,51,四川省,2823877
201601,221,几内亚,52,贵州省,58164
201601,221,几内亚,53,云南省,2105937
201601,221,几内亚,61,陕西省,730346
201601,221,几内亚,62,甘肃省,1064713
201601,221,几内亚,65,新疆维吾尔自治区,148666
201601,222,几内亚比绍,11,北京市,575
201601,222,几内亚比绍,13,河北省,157817
201601,222,几内亚比绍,31,上海市,1
201601,222,几内亚比绍,32,江苏省,81830
201601,222,几内亚比绍,33,浙江省,1497411
201601,222,几内亚比绍,34,安徽省,380868
201601,222,几内亚比绍,35,福建省,1127664
201601,222,几内亚比绍,37,山东省,50408
201601,222,几内亚比绍,44,广东省,8636594
201601,223,科特迪瓦,11,北京市,33846593
201601,223,科特迪瓦,12,天津市,18499588
201601,223,科特迪瓦,13,河北省,27404017
201601,223,科特迪瓦,14,山西省,410289
201601,223,科特迪瓦,15,内蒙古自治区,593847
201601,223,科特迪瓦,21,辽宁省,25522321
201601,223,科特迪瓦,22,吉林省,1040959
201601,223,科特迪瓦,31,上海市,44765183
201601,223,科特迪瓦,32,江苏省,64712950
201601,223,科特迪瓦,33,浙江省,176368513
201601,223,科特迪瓦,34,安徽省,11306043
201601,223,科特迪瓦,35,福建省,72212859
201601,223,科特迪瓦,36,江西省,5093518
201601,223,科特迪瓦,37,山东省,70959342
201601,223,科特迪瓦,41,河南省,9364864
201601,223,科特迪瓦,42,湖北省,2025464
201601,223,科特迪瓦,43,湖南省,329605
201601,223,科特迪瓦,44,广东省,273736200
201601,223,科特迪瓦,45,广西壮族自治区,1391732
201601,223,科特迪瓦,46,海南省,903240
201601,223,科特迪瓦,50,重庆市,9743599
201601,223,科特迪瓦,51,四川省,1979114
201601,223,科特迪瓦,52,贵州省,131218
201601,223,科特迪瓦,53,云南省,14774668
201601,223,科特迪瓦,61,陕西省,1292361
201601,223,科特迪瓦,62,甘肃省,1425278
201601,223,科特迪瓦,63,青海省,167578
201601,223,科特迪瓦,65,新疆维吾尔自治区,1252608
201601,224,肯尼亚,11,北京市,237845324
201601,224,肯尼亚,12,天津市,127340930
201601,224,肯尼亚,13,河北省,40448982
201601,224,肯尼亚,14,山西省,3241831
201601,224,肯尼亚,15,内蒙古自治区,1019688
201601,224,肯尼亚,21,辽宁省,21525531
201601,224,肯尼亚,22,吉林省,1078447
201601,224,肯尼亚,23,黑龙江省,274323
201601,224,肯尼亚,31,上海市,70487405
201601,224,肯尼亚,32,江苏省,116670300
201601,224,肯尼亚,33,浙江省,620622487
201601,224,肯尼亚,34,安徽省,29793997
201601,224,肯尼亚,35,福建省,109736169
201601,224,肯尼亚,36,江西省,56494152
201601,224,肯尼亚,37,山东省,188139601
201601,224,肯尼亚,41,河南省,30772896
201601,224,肯尼亚,42,湖北省,9016817
201601,224,肯尼亚,43,湖南省,8479591
201601,224,肯尼亚,44,广东省,960429436
201601,224,肯尼亚,45,广西壮族自治区,638156
201601,224,肯尼亚,46,海南省,243382
201601,224,肯尼亚,50,重庆市,42419825
201601,224,肯尼亚,51,四川省,3819798
201601,224,肯尼亚,52,贵州省,7768856
201601,224,肯尼亚,53,云南省,14012946
201601,224,肯尼亚,61,陕西省,4478399
201601,224,肯尼亚,62,甘肃省,18960447
201601,224,肯尼亚,64,宁夏回族自治区,364498
201601,224,肯尼亚,65,新疆维吾尔自治区,4739415
201601,225,利比里亚,11,北京市,32492192
201601,225,利比里亚,12,天津市,5198202
201601,225,利比里亚,13,河北省,5294682
201601,225,利比里亚,21,辽宁省,13386465
201601,225,利比里亚,31,上海市,185001149
201601,225,利比里亚,32,江苏省,157226653
201601,225,利比里亚,33,浙江省,81846600
201601,225,利比里亚,34,安徽省,2354718
201601,225,利比里亚,35,福建省,8756477
201601,225,利比里亚,36,江西省,654308
201601,225,利比里亚,37,山东省,18434393
201601,225,利比里亚,41,河南省,3030560
201601,225,利比里亚,42,湖北省,7408822
201601,225,利比里亚,43,湖南省,13927969
201601,225,利比里亚,44,广东省,114053420
201601,225,利比里亚,45,广西壮族自治区,446806
201601,225,利比里亚,50,重庆市,6806026
201601,225,利比里亚,51,四川省,488573
201601,225,利比里亚,52,贵州省,14172499
201601,225,利比里亚,61,陕西省,168134
201601,225,利比里亚,62,甘肃省,247817
201601,226,利比亚,11,北京市,1500802
201601,226,利比亚,12,天津市,4468707
201601,226,利比亚,13,河北省,15783282
201601,226,利比亚,14,山西省,217077
201601,226,利比亚,15,内蒙古自治区,146119
201601,226,利比亚,21,辽宁省,1581359
201601,226,利比亚,22,吉林省,58163
201601,226,利比亚,23,黑龙江省,65066
201601,226,利比亚,31,上海市,5548988
201601,226,利比亚,32,江苏省,33610475
201601,226,利比亚,33,浙江省,321485953
201601,226,利比亚,34,安徽省,21073868
201601,226,利比亚,35,福建省,163713414
201601,226,利比亚,36,江西省,18399277
201601,226,利比亚,37,山东省,50397450
201601,226,利比亚,41,河南省,1931562
201601,226,利比亚,42,湖北省,3949259
201601,226,利比亚,43,湖南省,2805265
201601,226,利比亚,44,广东省,168539843
201601,226,利比亚,45,广西壮族自治区,262771
201601,226,利比亚,46,海南省,528617
201601,226,利比亚,50,重庆市,21750048
201601,226,利比亚,51,四川省,597729
201601,226,利比亚,52,贵州省,2101282
201601,226,利比亚,53,云南省,1264499
201601,226,利比亚,61,陕西省,4005610
201601,226,利比亚,62,甘肃省,9002693
201601,226,利比亚,64,宁夏回族自治区,242400
201601,226,利比亚,65,新疆维吾尔自治区,123332
201601,227,马达加斯加,11,北京市,1700155
201601,227,马达加斯加,12,天津市,5487028
201601,227,马达加斯加,13,河北省,20562829
201601,227,马达加斯加,15,内蒙古自治区,29744858
201601,227,马达加斯加,21,辽宁省,886004
201601,227,马达加斯加,23,黑龙江省,87170
201601,227,马达加斯加,31,上海市,6873491
201601,227,马达加斯加,32,江苏省,32789256
201601,227,马达加斯加,33,浙江省,58035324
201601,227,马达加斯加,34,安徽省,9009188
201601,227,马达加斯加,35,福建省,53058074
201601,227,马达加斯加,36,江西省,4511450
201601,227,马达加斯加,37,山东省,19541797
201601,227,马达加斯加,41,河南省,2807983
201601,227,马达加斯加,42,湖北省,2791881
201601,227,马达加斯加,43,湖南省,2315146
201601,227,马达加斯加,44,广东省,97621313
201601,227,马达加斯加,45,广西壮族自治区,359414
201601,227,马达加斯加,50,重庆市,8753186
201601,227,马达加斯加,51,四川省,983346
201601,227,马达加斯加,53,云南省,1353501
201601,227,马达加斯加,61,陕西省,6075579
201601,227,马达加斯加,62,甘肃省,11443973
201601,227,马达加斯加,64,宁夏回族自治区,23324361
201601,227,马达加斯加,65,新疆维吾尔自治区,130286
201601,228,马拉维,11,北京市,987082
201601,228,马拉维,12,天津市,2453864
201601,228,马拉维,13,河北省,1477802
201601,228,马拉维,15,内蒙古自治区,304887
201601,228,马拉维,21,辽宁省,1174901
201601,228,马拉维,22,吉林省,192423
201601,228,马拉维,31,上海市,1171017
201601,228,马拉维,32,江苏省,2098747
201601,228,马拉维,33,浙江省,31669465
201601,228,马拉维,34,安徽省,1512045
201601,228,马拉维,35,福建省,7616271
201601,228,马拉维,36,江西省,309335
201601,228,马拉维,37,山东省,9751916
201601,228,马拉维,41,河南省,1339779
201601,228,马拉维,42,湖北省,730947
201601,228,马拉维,44,广东省,28541777
201601,228,马拉维,50,重庆市,2587560
201601,228,马拉维,51,四川省,880809
201601,228,马拉维,52,贵州省,20845346
201601,228,马拉维,53,云南省,620438
201601,228,马拉维,62,甘肃省,734604
201601,229,马里,11,北京市,19790062
201601,229,马里,13,河北省,6529500
201601,229,马里,21,辽宁省,826382
201601,229,马里,31,上海市,6069003
201601,229,马里,32,江苏省,18737765
201601,229,马里,33,浙江省,20385875
201601,229,马里,34,安徽省,3137864
201601,229,马里,35,福建省,6480555
201601,229,马里,36,江西省,1926515
201601,229,马里,37,山东省,11243813
201601,229,马里,41,河南省,463913
201601,229,马里,42,湖北省,491758
201601,229,马里,43,湖南省,173549
201601,229,马里,44,广东省,142871659
201601,229,马里,45,广西壮族自治区,542858
201601,229,马里,46,海南省,219445
201601,229,马里,50,重庆市,852251
201601,229,马里,51,四川省,1061263
201601,229,马里,52,贵州省,348980
201601,229,马里,53,云南省,597790
201601,229,马里,61,陕西省,1755585
201601,230,毛里塔尼亚,11,北京市,9300902
201601,230,毛里塔尼亚,12,天津市,1849341
201601,230,毛里塔尼亚,13,河北省,22482116
201601,230,毛里塔尼亚,15,内蒙古自治区,87943
201601,230,毛里塔尼亚,21,辽宁省,8697081
201601,230,毛里塔尼亚,31,上海市,9909979
201601,230,毛里塔尼亚,32,江苏省,25667935
201601,230,毛里塔尼亚,33,浙江省,248601405
201601,230,毛里塔尼亚,34,安徽省,8390031
201601,230,毛里塔尼亚,35,福建省,75094385
201601,230,毛里塔尼亚,36,江西省,14800204
201601,230,毛里塔尼亚,37,山东省,22010226
201601,230,毛里塔尼亚,41,河南省,2835726
201601,230,毛里塔尼亚,42,湖北省,1302057
201601,230,毛里塔尼亚,43,湖南省,4326015
201601,230,毛里塔尼亚,44,广东省,52894069
201601,230,毛里塔尼亚,45,广西壮族自治区,108453
201601,230,毛里塔尼亚,50,重庆市,17465658
201601,230,毛里塔尼亚,51,四川省,2420750
201601,230,毛里塔尼亚,52,贵州省,6432480
201601,230,毛里塔尼亚,53,云南省,547909
201601,230,毛里塔尼亚,61,陕西省,2707712
201601,230,毛里塔尼亚,62,甘肃省,432615
201601,230,毛里塔尼亚,64,宁夏回族自治区,69597
201601,230,毛里塔尼亚,65,新疆维吾尔自治区,125698
201601,231,毛里求斯,11,北京市,1943389
201601,231,毛里求斯,12,天津市,5670706
201601,231,毛里求斯,13,河北省,7086139
201601,231,毛里求斯,14,山西省,617817
201601,231,毛里求斯,15,内蒙古自治区,165055
201601,231,毛里求斯,21,辽宁省,5302890
201601,231,毛里求斯,22,吉林省,55113
201601,231,毛里求斯,23,黑龙江省,587034
201601,231,毛里求斯,31,上海市,10514505
201601,231,毛里求斯,32,江苏省,18229200
201601,231,毛里求斯,33,浙江省,40250519
201601,231,毛里求斯,34,安徽省,3333043
201601,231,毛里求斯,35,福建省,12613145
201601,231,毛里求斯,36,江西省,1386341
201601,231,毛里求斯,37,山东省,27859614
201601,231,毛里求斯,41,河南省,17733231
201601,231,毛里求斯,42,湖北省,1729247
201601,231,毛里求斯,43,湖南省,915996
201601,231,毛里求斯,44,广东省,157989204
201601,231,毛里求斯,45,广西壮族自治区,260230
201601,231,毛里求斯,46,海南省,119090
201601,231,毛里求斯,50,重庆市,2093372
201601,231,毛里求斯,51,四川省,2625143
201601,231,毛里求斯,52,贵州省,195415
201601,231,毛里求斯,53,云南省,681179
201601,231,毛里求斯,62,甘肃省,71224
201601,231,毛里求斯,65,新疆维吾尔自治区,860803
201601,232,摩洛哥,11,北京市,17662885
201601,232,摩洛哥,12,天津市,30061970
201601,232,摩洛哥,13,河北省,34585287
201601,232,摩洛哥,14,山西省,1775761
201601,232,摩洛哥,15,内蒙古自治区,1223936
201601,232,摩洛哥,21,辽宁省,2764058
201601,232,摩洛哥,22,吉林省,668050
201601,232,摩洛哥,31,上海市,31167406
201601,232,摩洛哥,32,江苏省,119354808
201601,232,摩洛哥,33,浙江省,418112152
201601,232,摩洛哥,34,安徽省,29564852
201601,232,摩洛哥,35,福建省,47541269
201601,232,摩洛哥,36,江西省,16513240
201601,232,摩洛哥,37,山东省,91861538
201601,232,摩洛哥,41,河南省,10142496
201601,232,摩洛哥,42,湖北省,10907382
201601,232,摩洛哥,43,湖南省,9858408
201601,232,摩洛哥,44,广东省,320226919
201601,232,摩洛哥,45,广西壮族自治区,2596792
201601,232,摩洛哥,46,海南省,470477
201601,232,摩洛哥,50,重庆市,36471506
201601,232,摩洛哥,51,四川省,20989131
201601,232,摩洛哥,52,贵州省,2053715
201601,232,摩洛哥,53,云南省,1538826
201601,232,摩洛哥,61,陕西省,3589736
201601,232,摩洛哥,62,甘肃省,11167705
201601,232,摩洛哥,63,青海省,196101
201601,232,摩洛哥,65,新疆维吾尔自治区,17333
201601,233,莫桑比克,11,北京市,54515402
201601,233,莫桑比克,12,天津市,13503706
201601,233,莫桑比克,13,河北省,16037417
201601,233,莫桑比克,14,山西省,178909
201601,233,莫桑比克,15,内蒙古自治区,63199
201601,233,莫桑比克,21,辽宁省,3670028
201601,233,莫桑比克,31,上海市,9752733
201601,233,莫桑比克,32,江苏省,23770946
201601,233,莫桑比克,33,浙江省,101159035
201601,233,莫桑比克,34,安徽省,18598924
201601,233,莫桑比克,35,福建省,43287303
201601,233,莫桑比克,36,江西省,12824395
201601,233,莫桑比克,37,山东省,38444200
201601,233,莫桑比克,41,河南省,10139749
201601,233,莫桑比克,42,湖北省,4558130
201601,233,莫桑比克,44,广东省,153602255
201601,233,莫桑比克,45,广西壮族自治区,1698979
201601,233,莫桑比克,46,海南省,328384
201601,233,莫桑比克,50,重庆市,8705055
201601,233,莫桑比克,51,四川省,2507445
201601,233,莫桑比克,52,贵州省,2244957
201601,233,莫桑比克,53,云南省,2827232
201601,233,莫桑比克,62,甘肃省,722185
201601,233,莫桑比克,65,新疆维吾尔自治区,89588
201601,234,纳米比亚,11,北京市,690840
201601,234,纳米比亚,12,天津市,829063
201601,234,纳米比亚,13,河北省,5885351
201601,234,纳米比亚,15,内蒙古自治区,1415900
201601,234,纳米比亚,21,辽宁省,110808
201601,234,纳米比亚,23,黑龙江省,245230
201601,234,纳米比亚,31,上海市,1339532
201601,234,纳米比亚,32,江苏省,11470158
201601,234,纳米比亚,33,浙江省,13377848
201601,234,纳米比亚,34,安徽省,1254549
201601,234,纳米比亚,35,福建省,4805989
201601,234,纳米比亚,36,江西省,1548867
201601,234,纳米比亚,37,山东省,10660101
201601,234,纳米比亚,41,河南省,1555548
201601,234,纳米比亚,42,湖北省,2246945
201601,234,纳米比亚,43,湖南省,2462491
201601,234,纳米比亚,44,广东省,39150508
201601,234,纳米比亚,45,广西壮族自治区,191388
201601,234,纳米比亚,50,重庆市,2124543
201601,234,纳米比亚,51,四川省,18279
201601,234,纳米比亚,53,云南省,1209054
201601,234,纳米比亚,61,陕西省,812115
201601,234,纳米比亚,62,甘肃省,696958
201601,235,尼日尔,11,北京市,7514705
201601,235,尼日尔,12,天津市,371341
201601,235,尼日尔,13,河北省,524456
201601,235,尼日尔,21,辽宁省,152394
201601,235,尼日尔,31,上海市,589076
201601,235,尼日尔,32,江苏省,4653
201601,235,尼日尔,33,浙江省,1941660
201601,235,尼日尔,34,安徽省,144001
201601,235,尼日尔,35,福建省,52942
201601,235,尼日尔,37,山东省,3723623
201601,235,尼日尔,41,河南省,56073
201601,235,尼日尔,42,湖北省,1348462
201601,235,尼日尔,44,广东省,6072676
201601,235,尼日尔,45,广西壮族自治区,42653
201601,235,尼日尔,51,四川省,11324273
201601,235,尼日尔,53,云南省,6302
201601,235,尼日尔,61,陕西省,49116
201601,236,尼日利亚,11,北京市,178539026
201601,236,尼日利亚,12,天津市,94571202
201601,236,尼日利亚,13,河北省,196374781
201601,236,尼日利亚,14,山西省,6704646
201601,236,尼日利亚,15,内蒙古自治区,3878961
201601,236,尼日利亚,21,辽宁省,20736652
201601,236,尼日利亚,22,吉林省,3103077
201601,236,尼日利亚,23,黑龙江省,7934401
201601,236,尼日利亚,31,上海市,247061781
201601,236,尼日利亚,32,江苏省,411905019
201601,236,尼日利亚,33,浙江省,919132655
201601,236,尼日利亚,34,安徽省,69587341
201601,236,尼日利亚,35,福建省,372590622
201601,236,尼日利亚,36,江西省,136808314
201601,236,尼日利亚,37,山东省,403282095
201601,236,尼日利亚,41,河南省,107254566
201601,236,尼日利亚,42,湖北省,23676125
201601,236,尼日利亚,43,湖南省,21423937
201601,236,尼日利亚,44,广东省,1432199097
201601,236,尼日利亚,45,广西壮族自治区,17696807
201601,236,尼日利亚,46,海南省,788463
201601,236,尼日利亚,50,重庆市,116797354
201601,236,尼日利亚,51,四川省,33909470
201601,236,尼日利亚,52,贵州省,4499055
201601,236,尼日利亚,53,云南省,9337022
201601,236,尼日利亚,61,陕西省,8514392
201601,236,尼日利亚,62,甘肃省,37069082
201601,236,尼日利亚,63,青海省,3683682
201601,236,尼日利亚,64,宁夏回族自治区,3194535
201601,236,尼日利亚,65,新疆维吾尔自治区,5165368
201601,237,留尼汪,11,北京市,813174
201601,237,留尼汪,12,天津市,2171325
201601,237,留尼汪,13,河北省,2312831
201601,237,留尼汪,14,山西省,92252
201601,237,留尼汪,21,辽宁省,314599
201601,237,留尼汪,31,上海市,6319359
201601,237,留尼汪,32,江苏省,5318955
201601,237,留尼汪,33,浙江省,14012764
201601,237,留尼汪,34,安徽省,1440337
201601,237,留尼汪,35,福建省,2604739
201601,237,留尼汪,36,江西省,141904
201601,237,留尼汪,37,山东省,6959421
201601,237,留尼汪,41,河南省,438255
201601,237,留尼汪,42,湖北省,553010
201601,237,留尼汪,43,湖南省,533644
201601,237,留尼汪,44,广东省,20978855
201601,237,留尼汪,50,重庆市,278123
201601,237,留尼汪,51,四川省,140657
201601,237,留尼汪,53,云南省,17801
201601,237,留尼汪,65,新疆维吾尔自治区,303096
201601,238,卢旺达,11,北京市,9641290
201601,238,卢旺达,12,天津市,1287536
201601,238,卢旺达,13,河北省,1671874
201601,238,卢旺达,22,吉林省,246826
201601,238,卢旺达,31,上海市,862996
201601,238,卢旺达,32,江苏省,9560960
201601,238,卢旺达,33,浙江省,1618020
201601,238,卢旺达,34,安徽省,673928
201601,238,卢旺达,35,福建省,237470
201601,238,卢旺达,36,江西省,43480
201601,238,卢旺达,37,山东省,19383394
201601,238,卢旺达,43,湖南省,1960153
201601,238,卢旺达,44,广东省,11187197
201601,239,圣多美和普林西比,11,北京市,5
201601,239,圣多美和普林西比,32,江苏省,181560
201601,239,圣多美和普林西比,33,浙江省,1173887
201601,239,圣多美和普林西比,36,江西省,15791
201601,239,圣多美和普林西比,37,山东省,216128
201601,239,圣多美和普林西比,44,广东省,702378
201601,239,圣多美和普林西比,50,重庆市,217225
201601,239,圣多美和普林西比,61,陕西省,331041
201601,240,塞内加尔,11,北京市,7542647
201601,240,塞内加尔,12,天津市,13441702
201601,240,塞内加尔,13,河北省,14616981
201601,240,塞内加尔,14,山西省,887595
201601,240,塞内加尔,15,内蒙古自治区,6737200
201601,240,塞内加尔,21,辽宁省,8848322
201601,240,塞内加尔,22,吉林省,227257
201601,240,塞内加尔,31,上海市,15635189
201601,240,塞内加尔,32,江苏省,48161229
201601,240,塞内加尔,33,浙江省,298898590
201601,240,塞内加尔,34,安徽省,36374499
201601,240,塞内加尔,35,福建省,22308740
201601,240,塞内加尔,36,江西省,5204962
201601,240,塞内加尔,37,山东省,67417545
201601,240,塞内加尔,41,河南省,7676597
201601,240,塞内加尔,42,湖北省,3389673
201601,240,塞内加尔,43,湖南省,2020114
201601,240,塞内加尔,44,广东省,471664896
201601,240,塞内加尔,45,广西壮族自治区,650229
201601,240,塞内加尔,50,重庆市,10048715
201601,240,塞内加尔,51,四川省,3774196
201601,240,塞内加尔,52,贵州省,1158672
201601,240,塞内加尔,53,云南省,672344
201601,240,塞内加尔,61,陕西省,295548
201601,240,塞内加尔,62,甘肃省,1020120
201601,240,塞内加尔,65,新疆维吾尔自治区,5637140
201601,241,塞舌尔,11,北京市,406392
201601,241,塞舌尔,12,天津市,28440
201601,241,塞舌尔,13,河北省,85737
201601,241,塞舌尔,15,内蒙古自治区,206803
201601,241,塞舌尔,21,辽宁省,235700
201601,241,塞舌尔,31,上海市,1666751
201601,241,塞舌尔,32,江苏省,7459711
201601,241,塞舌尔,33,浙江省,1638685
201601,241,塞舌尔,34,安徽省,224522
201601,241,塞舌尔,35,福建省,1827034
201601,241,塞舌尔,36,江西省,456938
201601,241,塞舌尔,37,山东省,1259431
201601,241,塞舌尔,42,湖北省,552131
201601,241,塞舌尔,44,广东省,5334485
201601,241,塞舌尔,45,广西壮族自治区,109192
201601,241,塞舌尔,51,四川省,114940
201601,241,塞舌尔,53,云南省,32313
201601,242,塞拉利昂,11,北京市,10392726
201601,242,塞拉利昂,12,天津市,4250922
201601,242,塞拉利昂,13,河北省,4024225
201601,242,塞拉利昂,21,辽宁省,1577644
201601,242,塞拉利昂,31,上海市,3286999
201601,242,塞拉利昂,32,江苏省,5153334
201601,242,塞拉利昂,33,浙江省,58998588
201601,242,塞拉利昂,34,安徽省,7296841
201601,242,塞拉利昂,35,福建省,4631681
201601,242,塞拉利昂,36,江西省,1078598
201601,242,塞拉利昂,37,山东省,25127022
201601,242,塞拉利昂,41,河南省,7007229
201601,242,塞拉利昂,42,湖北省,429509
201601,242,塞拉利昂,43,湖南省,1740360
201601,242,塞拉利昂,44,广东省,10412317
201601,242,塞拉利昂,45,广西壮族自治区,16490
201601,242,塞拉利昂,50,重庆市,3344766
201601,242,塞拉利昂,51,四川省,637820
201601,242,塞拉利昂,52,贵州省,27207
201601,242,塞拉利昂,62,甘肃省,1330254
201601,243,索马里,11,北京市,65
201601,243,索马里,12,天津市,1939160
201601,243,索马里,13,河北省,2484335
201601,243,索马里,14,山西省,165884
201601,243,索马里,21,辽宁省,254265
201601,243,索马里,31,上海市,12500937
201601,243,索马里,32,江苏省,21168421
201601,243,索马里,33,浙江省,58652707
201601,243,索马里,34,安徽省,2523582
201601,243,索马里,35,福建省,5922481
201601,243,索马里,36,江西省,1919569
201601,243,索马里,37,山东省,16773842
201601,243,索马里,41,河南省,606285
201601,243,索马里,42,湖北省,68206
201601,243,索马里,43,湖南省,77552
201601,243,索马里,44,广东省,23546315
201601,243,索马里,45,广西壮族自治区,497620
201601,243,索马里,50,重庆市,2995195
201601,243,索马里,51,四川省,711258
201601,243,索马里,52,贵州省,476083
201601,243,索马里,53,云南省,528719
201601,243,索马里,62,甘肃省,715540
201601,243,索马里,64,宁夏回族自治区,42815
201601,243,索马里,65,新疆维吾尔自治区,141244
201601,244,南非,11,北京市,96586968
201601,244,南非,12,天津市,209093635
201601,244,南非,13,河北省,114792218
201601,244,南非,14,山西省,25365741
201601,244,南非,15,内蒙古自治区,6479368
201601,244,南非,21,辽宁省,101514880
201601,244,南非,22,吉林省,44208205
201601,244,南非,23,黑龙江省,3782636
201601,244,南非,31,上海市,398484777
201601,244,南非,32,江苏省,735046915
201601,244,南非,33,浙江省,1353226353
201601,244,南非,34,安徽省,91223632
201601,244,南非,35,福建省,513492637
201601,244,南非,36,江西省,180207327
201601,244,南非,37,山东省,488311624
201601,244,南非,41,河南省,210788164
201601,244,南非,42,湖北省,46996010
201601,244,南非,43,湖南省,46409777
201601,244,南非,44,广东省,1612317412
201601,244,南非,45,广西壮族自治区,13270390
201601,244,南非,46,海南省,7795293
201601,244,南非,50,重庆市,118350769
201601,244,南非,51,四川省,63043587
201601,244,南非,52,贵州省,23956331
201601,244,南非,53,云南省,10849455
201601,244,南非,61,陕西省,41201854
201601,244,南非,62,甘肃省,16255250
201601,244,南非,63,青海省,337417
201601,244,南非,64,宁夏回族自治区,5230963
201601,244,南非,65,新疆维吾尔自治区,10099674
201601,246,苏丹,11,北京市,40689120
201601,246,苏丹,12,天津市,25446949
201601,246,苏丹,13,河北省,18169305
201601,246,苏丹,14,山西省,742280
201601,246,苏丹,21,辽宁省,8974557
201601,246,苏丹,22,吉林省,4024541
201601,246,苏丹,23,黑龙江省,21330882
201601,246,苏丹,31,上海市,51435113
201601,246,苏丹,32,江苏省,92441739
201601,246,苏丹,33,浙江省,267398086
201601,246,苏丹,34,安徽省,39930274
201601,246,苏丹,35,福建省,76368418
201601,246,苏丹,36,江西省,15656605
201601,246,苏丹,37,山东省,140167914
201601,246,苏丹,41,河南省,16609539
201601,246,苏丹,42,湖北省,4628883
201601,246,苏丹,43,湖南省,3867370
201601,246,苏丹,44,广东省,147656764
201601,246,苏丹,45,广西壮族自治区,809329
201601,246,苏丹,46,海南省,347878
201601,246,苏丹,50,重庆市,37078589
201601,246,苏丹,51,四川省,1702209
201601,246,苏丹,52,贵州省,456844
201601,246,苏丹,53,云南省,3409143
201601,246,苏丹,61,陕西省,3482540
201601,246,苏丹,62,甘肃省,7073881
201601,246,苏丹,64,宁夏回族自治区,64109
201601,246,苏丹,65,新疆维吾尔自治区,7053304
201601,247,坦桑尼亚,11,北京市,35829976
201601,247,坦桑尼亚,12,天津市,23315602
201601,247,坦桑尼亚,13,河北省,36031089
201601,247,坦桑尼亚,14,山西省,1025836
201601,247,坦桑尼亚,15,内蒙古自治区,976785
201601,247,坦桑尼亚,21,辽宁省,8056644
201601,247,坦桑尼亚,22,吉林省,12204684
201601,247,坦桑尼亚,23,黑龙江省,113086
201601,247,坦桑尼亚,31,上海市,28531883
201601,247,坦桑尼亚,32,江苏省,75673887
201601,247,坦桑尼亚,33,浙江省,318124334
201601,247,坦桑尼亚,34,安徽省,24585883
201601,247,坦桑尼亚,35,福建省,95512857
201601,247,坦桑尼亚,36,江西省,41178049
201601,247,坦桑尼亚,37,山东省,125150723
201601,247,坦桑尼亚,41,河南省,34419595
201601,247,坦桑尼亚,42,湖北省,6125235
201601,247,坦桑尼亚,43,湖南省,3576040
201601,247,坦桑尼亚,44,广东省,599984167
201601,247,坦桑尼亚,45,广西壮族自治区,32664
201601,247,坦桑尼亚,50,重庆市,217974711
201601,247,坦桑尼亚,51,四川省,7883557
201601,247,坦桑尼亚,52,贵州省,7945779
201601,247,坦桑尼亚,53,云南省,4637479
201601,247,坦桑尼亚,61,陕西省,13470155
201601,247,坦桑尼亚,62,甘肃省,7848567
201601,247,坦桑尼亚,64,宁夏回族自治区,50335
201601,247,坦桑尼亚,65,新疆维吾尔自治区,1435643
201601,248,多哥,11,北京市,2658468
201601,248,多哥,12,天津市,18411664
201601,248,多哥,13,河北省,6149370
201601,248,多哥,14,山西省,7284195
201601,248,多哥,21,辽宁省,12504545
201601,248,多哥,31,上海市,170625031
201601,248,多哥,32,江苏省,30406754
201601,248,多哥,33,浙江省,197637917
201601,248,多哥,34,安徽省,30768233
201601,248,多哥,35,福建省,26996674
201601,248,多哥,36,江西省,17802812
201601,248,多哥,37,山东省,241771797
201601,248,多哥,41,河南省,8548485
201601,248,多哥,42,湖北省,1117164
201601,248,多哥,43,湖南省,1955615
201601,248,多哥,44,广东省,409184120
201601,248,多哥,45,广西壮族自治区,3068867
201601,248,多哥,50,重庆市,34066834
201601,248,多哥,51,四川省,15855654
201601,248,多哥,52,贵州省,795364
201601,248,多哥,61,陕西省,3779373
201601,248,多哥,62,甘肃省,7188383
201601,248,多哥,65,新疆维吾尔自治区,725853
201601,249,突尼斯,11,北京市,9624089
201601,249,突尼斯,12,天津市,38941419
201601,249,突尼斯,13,河北省,53611910
201601,249,突尼斯,14,山西省,1587300
201601,249,突尼斯,15,内蒙古自治区,1460148
201601,249,突尼斯,21,辽宁省,10294671
201601,249,突尼斯,22,吉林省,2253462
201601,249,突尼斯,31,上海市,30108890
201601,249,突尼斯,32,江苏省,103449614
201601,249,突尼斯,33,浙江省,175024536
201601,249,突尼斯,34,安徽省,15947452
201601,249,突尼斯,35,福建省,14237221
201601,249,突尼斯,36,江西省,7538781
201601,249,突尼斯,37,山东省,37462480
201601,249,突尼斯,41,河南省,4781603
201601,249,突尼斯,42,湖北省,4900383
201601,249,突尼斯,43,湖南省,3679857
201601,249,突尼斯,44,广东省,141918069
201601,249,突尼斯,45,广西壮族自治区,2277226
201601,249,突尼斯,46,海南省,834420
201601,249,突尼斯,50,重庆市,32862733
201601,249,突尼斯,51,四川省,3147924
201601,249,突尼斯,52,贵州省,2403411
201601,249,突尼斯,53,云南省,607980
201601,249,突尼斯,61,陕西省,4213706
201601,249,突尼斯,62,甘肃省,2011048
201601,249,突尼斯,64,宁夏回族自治区,219777
201601,249,突尼斯,65,新疆维吾尔自治区,1448
201601,250,乌干达,11,北京市,86844143
201601,250,乌干达,12,天津市,1534213
201601,250,乌干达,13,河北省,7714586
201601,250,乌干达,21,辽宁省,183332
201601,250,乌干达,31,上海市,3660902
201601,250,乌干达,32,江苏省,20583484
201601,250,乌干达,33,浙江省,46887145
201601,250,乌干达,34,安徽省,2652542
201601,250,乌干达,35,福建省,770408
201601,250,乌干达,36,江西省,3142397
201601,250,乌干达,37,山东省,28885302
201601,250,乌干达,41,河南省,1400113
201601,250,乌干达,42,湖北省,1555075
201601,250,乌干达,43,湖南省,944853
201601,250,乌干达,44,广东省,50670966
201601,250,乌干达,45,广西壮族自治区,491066
201601,250,乌干达,50,重庆市,4848936
201601,250,乌干达,51,四川省,642848
201601,250,乌干达,52,贵州省,3369272
201601,250,乌干达,53,云南省,870821
201601,250,乌干达,61,陕西省,704419
201601,250,乌干达,62,甘肃省,68406
201601,250,乌干达,65,新疆维吾尔自治区,545073
201601,251,布基纳法索,11,北京市,434281
201601,251,布基纳法索,13,河北省,20453135
201601,251,布基纳法索,21,辽宁省,2638276
201601,251,布基纳法索,22,吉林省,553890
201601,251,布基纳法索,31,上海市,866633
201601,251,布基纳法索,32,江苏省,1828548
201601,251,布基纳法索,33,浙江省,5814357
201601,251,布基纳法索,34,安徽省,111885
201601,251,布基纳法索,35,福建省,5659439
201601,251,布基纳法索,36,江西省,255357
201601,251,布基纳法索,37,山东省,7582369
201601,251,布基纳法索,41,河南省,233081
201601,251,布基纳法索,42,湖北省,16
201601,251,布基纳法索,44,广东省,8128490
201601,251,布基纳法索,45,广西壮族自治区,1404318
201601,251,布基纳法索,50,重庆市,4815881
201601,251,布基纳法索,51,四川省,467
201601,251,布基纳法索,52,贵州省,38776
201601,251,布基纳法索,64,宁夏回族自治区,554768
201601,252,刚果民主共和国,11,北京市,67387665
201601,252,刚果民主共和国,12,天津市,20111918
201601,252,刚果民主共和国,13,河北省,17515152
201601,252,刚果民主共和国,14,山西省,561950
201601,252,刚果民主共和国,15,内蒙古自治区,6338751
201601,252,刚果民主共和国,21,辽宁省,5800122
201601,252,刚果民主共和国,31,上海市,36939934
201601,252,刚果民主共和国,32,江苏省,35672711
201601,252,刚果民主共和国,33,浙江省,105199316
201601,252,刚果民主共和国,34,安徽省,9544751
201601,252,刚果民主共和国,35,福建省,26311050
201601,252,刚果民主共和国,36,江西省,10773113
201601,252,刚果民主共和国,37,山东省,37753024
201601,252,刚果民主共和国,41,河南省,22528946
201601,252,刚果民主共和国,42,湖北省,2823462
201601,252,刚果民主共和国,43,湖南省,38776
201601,252,刚果民主共和国,44,广东省,103769758
201601,252,刚果民主共和国,45,广西壮族自治区,6046621
201601,252,刚果民主共和国,50,重庆市,15049065
201601,252,刚果民主共和国,51,四川省,11053918
201601,252,刚果民主共和国,52,贵州省,8539963
201601,252,刚果民主共和国,53,云南省,4033341
201601,252,刚果民主共和国,61,陕西省,6743838
201601,252,刚果民主共和国,62,甘肃省,568694
201601,252,刚果民主共和国,64,宁夏回族自治区,3363845
201601,253,赞比亚,11,北京市,38762416
201601,253,赞比亚,12,天津市,3971276
201601,253,赞比亚,13,河北省,8528105
201601,253,赞比亚,21,辽宁省,1463442
201601,253,赞比亚,22,吉林省,1296381
201601,253,赞比亚,23,黑龙江省,26805
201601,253,赞比亚,31,上海市,37889140
201601,253,赞比亚,32,江苏省,18167930
201601,253,赞比亚,33,浙江省,10165901
201601,253,赞比亚,34,安徽省,4829106
201601,253,赞比亚,35,福建省,2574382
201601,253,赞比亚,36,江西省,45374765
201601,253,赞比亚,37,山东省,43625116
201601,253,赞比亚,41,河南省,5531613
201601,253,赞比亚,42,湖北省,787788
201601,253,赞比亚,43,湖南省,732729
201601,253,赞比亚,44,广东省,68815081
201601,253,赞比亚,45,广西壮族自治区,4329577
201601,253,赞比亚,50,重庆市,56871
201601,253,赞比亚,51,四川省,2751082
201601,253,赞比亚,52,贵州省,2115230
201601,253,赞比亚,53,云南省,98232
201601,253,赞比亚,61,陕西省,3511
201601,253,赞比亚,62,甘肃省,44656
201601,253,赞比亚,65,新疆维吾尔自治区,24396547
201601,254,津巴布韦,11,北京市,13013111
201601,254,津巴布韦,12,天津市,898399
201601,254,津巴布韦,13,河北省,6092560
201601,254,津巴布韦,14,山西省,791462
201601,254,津巴布韦,21,辽宁省,1232408
201601,254,津巴布韦,22,吉林省,40714
201601,254,津巴布韦,31,上海市,7880652
201601,254,津巴布韦,32,江苏省,15214559
201601,254,津巴布韦,33,浙江省,40457836
201601,254,津巴布韦,34,安徽省,5325038
201601,254,津巴布韦,35,福建省,4647951
201601,254,津巴布韦,36,江西省,2067525
201601,254,津巴布韦,37,山东省,20870589
201601,254,津巴布韦,41,河南省,5359234
201601,254,津巴布韦,42,湖北省,4437472
201601,254,津巴布韦,43,湖南省,10766496
201601,254,津巴布韦,44,广东省,79114416
201601,254,津巴布韦,50,重庆市,2534965
201601,254,津巴布韦,51,四川省,167
201601,254,津巴布韦,53,云南省,19124
201601,254,津巴布韦,61,陕西省,109977
201601,254,津巴布韦,62,甘肃省,57029
201601,254,津巴布韦,65,新疆维吾尔自治区,63796
201601,255,莱索托,11,北京市,574965
201601,255,莱索托,12,天津市,3901994
201601,255,莱索托,13,河北省,4231066
201601,255,莱索托,31,上海市,32876
201601,255,莱索托,32,江苏省,3024779
201601,255,莱索托,33,浙江省,2085495
201601,255,莱索托,34,安徽省,1164101
201601,255,莱索托,35,福建省,94162
201601,255,莱索托,36,江西省,1000204
201601,255,莱索托,37,山东省,5292881
201601,255,莱索托,44,广东省,2302260
201601,256,梅利利亚,33,浙江省,1750134
201601,256,梅利利亚,37,山东省,312590
201601,256,梅利利亚,44,广东省,515567
201601,257,斯威士兰,11,北京市,85435
201601,257,斯威士兰,31,上海市,4346
201601,257,斯威士兰,32,江苏省,4044543
201601,257,斯威士兰,33,浙江省,2004241
201601,257,斯威士兰,35,福建省,1592348
201601,257,斯威士兰,37,山东省,209046
201601,257,斯威士兰,41,河南省,54125
201601,257,斯威士兰,43,湖南省,30105
201601,257,斯威士兰,44,广东省,10384668
201601,257,斯威士兰,51,四川省,2744405
201601,257,斯威士兰,61,陕西省,377928
201601,258,厄立特里亚,11,北京市,2960
201601,258,厄立特里亚,12,天津市,3069705
201601,258,厄立特里亚,31,上海市,12123897
201601,258,厄立特里亚,32,江苏省,2501634
201601,258,厄立特里亚,33,浙江省,2787534
201601,258,厄立特里亚,37,山东省,2543206
201601,258,厄立特里亚,41,河南省,2294077
201601,258,厄立特里亚,42,湖北省,301538
201601,258,厄立特里亚,43,湖南省,620410
201601,258,厄立特里亚,44,广东省,728316
201601,258,厄立特里亚,61,陕西省,1954
201601,259,马约特,11,北京市,234643
201601,259,马约特,12,天津市,261446
201601,259,马约特,13,河北省,646125
201601,259,马约特,31,上海市,939
201601,259,马约特,32,江苏省,2354443
201601,259,马约特,33,浙江省,687884
201601,259,马约特,34,安徽省,847314
201601,259,马约特,35,福建省,105500
201601,259,马约特,37,山东省,588161
201601,259,马约特,41,河南省,73793
201601,259,马约特,44,广东省,5626837
201601,260,南苏丹,11,北京市,12660330
201601,260,南苏丹,12,天津市,10856076
201601,260,南苏丹,13,河北省,2601604
201601,260,南苏丹,31,上海市,1328033
201601,260,南苏丹,32,江苏省,2766571
201601,260,南苏丹,33,浙江省,723489
201601,260,南苏丹,34,安徽省,251994
201601,260,南苏丹,37,山东省,8093624
201601,260,南苏丹,42,湖北省,458461
201601,260,南苏丹,44,广东省,20040220
201601,260,南苏丹,51,四川省,235790
201601,260,南苏丹,53,云南省,347780
201601,299,非洲其他国家(地区),11,北京市,66
201601,299,非洲其他国家(地区),31,上海市,1261
201601,299,非洲其他国家(地区),34,安徽省,258918
201601,299,非洲其他国家(地区),44,广东省,1226
201601,301,比利时,11,北京市,136393598
201601,301,比利时,12,天津市,164306838
201601,301,比利时,13,河北省,174915249
201601,301,比利时,14,山西省,32572717
201601,301,比利时,15,内蒙古自治区,4130785
201601,301,比利时,21,辽宁省,146803710
201601,301,比利时,22,吉林省,34021112
201601,301,比利时,23,黑龙江省,12438058
201601,301,比利时,31,上海市,658625148
201601,301,比利时,32,江苏省,1447762584
201601,301,比利时,33,浙江省,1614289048
201601,301,比利时,34,安徽省,111019367
201601,301,比利时,35,福建省,481995656
201601,301,比利时,36,江西省,115257691
201601,301,比利时,37,山东省,525183645
201601,301,比利时,41,河南省,56304785
201601,301,比利时,42,湖北省,97216926
201601,301,比利时,43,湖南省,55509978
201601,301,比利时,44,广东省,2182290378
201601,301,比利时,45,广西壮族自治区,20056956
201601,301,比利时,46,海南省,2779165
201601,301,比利时,50,重庆市,251811599
201601,301,比利时,51,四川省,17608551
201601,301,比利时,52,贵州省,45818382
201601,301,比利时,53,云南省,21543223
201601,301,比利时,61,陕西省,34684855
201601,301,比利时,62,甘肃省,15674241
201601,301,比利时,63,青海省,1653046
201601,301,比利时,64,宁夏回族自治区,14387850
201601,301,比利时,65,新疆维吾尔自治区,4868999
201601,302,丹麦,11,北京市,69297552
201601,302,丹麦,12,天津市,97906038
201601,302,丹麦,13,河北省,40901365
201601,302,丹麦,14,山西省,8202547
201601,302,丹麦,15,内蒙古自治区,23918880
201601,302,丹麦,21,辽宁省,47976685
201601,302,丹麦,22,吉林省,1280978
201601,302,丹麦,23,黑龙江省,13992842
201601,302,丹麦,31,上海市,234087419
201601,302,丹麦,32,江苏省,542209782
201601,302,丹麦,33,浙江省,735885111
201601,302,丹麦,34,安徽省,51072228
201601,302,丹麦,35,福建省,211331776
201601,302,丹麦,36,江西省,26574456
201601,302,丹麦,37,山东省,386098895
201601,302,丹麦,41,河南省,15613836
201601,302,丹麦,42,湖北省,9702755
201601,302,丹麦,43,湖南省,10986766
201601,302,丹麦,44,广东省,671767153
201601,302,丹麦,45,广西壮族自治区,6451475
201601,302,丹麦,50,重庆市,34415693
201601,302,丹麦,51,四川省,19917571
201601,302,丹麦,52,贵州省,317768
201601,302,丹麦,53,云南省,1448699
201601,302,丹麦,61,陕西省,3144726
201601,302,丹麦,62,甘肃省,4747163
201601,302,丹麦,63,青海省,136490
201601,302,丹麦,64,宁夏回族自治区,947958
201601,302,丹麦,65,新疆维吾尔自治区,270210
201601,303,英国,11,北京市,350459460
201601,303,英国,12,天津市,331787593
201601,303,英国,13,河北省,337714244
201601,303,英国,14,山西省,59977256
201601,303,英国,15,内蒙古自治区,49608995
201601,303,英国,21,辽宁省,412178773
201601,303,英国,22,吉林省,39244745
201601,303,英国,23,黑龙江省,38990590
201601,303,英国,31,上海市,2672426519
201601,303,英国,32,江苏省,4502091694
201601,303,英国,33,浙江省,6107642302
201601,303,英国,34,安徽省,331969573
201601,303,英国,35,福建省,2341821263
201601,303,英国,36,江西省,332072832
201601,303,英国,37,山东省,1612587484
201601,303,英国,41,河南省,410214911
201601,303,英国,42,湖北省,158672085
201601,303,英国,43,湖南省,113371641
201601,303,英国,44,广东省,8423525721
201601,303,英国,45,广西壮族自治区,52615455
201601,303,英国,46,海南省,8973943
201601,303,英国,50,重庆市,660194244
201601,303,英国,51,四川省,155052116
201601,303,英国,52,贵州省,24613825
201601,303,英国,53,云南省,43319746
201601,303,英国,54,西藏自治区,1276
201601,303,英国,61,陕西省,203586077
201601,303,英国,62,甘肃省,46028649
201601,303,英国,63,青海省,15581187
201601,303,英国,64,宁夏回族自治区,3741764
201601,303,英国,65,新疆维吾尔自治区,13530457
201601,304,德国,11,北京市,396989292
201601,304,德国,12,天津市,841082127
201601,304,德国,13,河北省,473401194
201601,304,德国,14,山西省,216485290
201601,304,德国,15,内蒙古自治区,42213842
201601,304,德国,21,辽宁省,767856119
201601,304,德国,22,吉林省,122184057
201601,304,德国,23,黑龙江省,49098290
201601,304,德国,31,上海市,3584460359
201601,304,德国,32,江苏省,6208337401
201601,304,德国,33,浙江省,6405799754
201601,304,德国,34,安徽省,587830282
201601,304,德国,35,福建省,2382879979
201601,304,德国,36,江西省,386736007
201601,304,德国,37,山东省,2008455413
201601,304,德国,41,河南省,585469371
201601,304,德国,42,湖北省,285068142
201601,304,德国,43,湖南省,157499056
201601,304,德国,44,广东省,8230171920
201601,304,德国,45,广西壮族自治区,86974304
201601,304,德国,46,海南省,13578248
201601,304,德国,50,重庆市,2200717763
201601,304,德国,51,四川省,425626600
201601,304,德国,52,贵州省,28758149
201601,304,德国,53,云南省,63644077
201601,304,德国,61,陕西省,119358719
201601,304,德国,62,甘肃省,49497878
201601,304,德国,63,青海省,3890971
201601,304,德国,64,宁夏回族自治区,18355906
201601,304,德国,65,新疆维吾尔自治区,13499083
201601,305,法国,11,北京市,376015907
201601,305,法国,12,天津市,345994132
201601,305,法国,13,河北省,166151983
201601,305,法国,14,山西省,9907015
201601,305,法国,15,内蒙古自治区,31162788
201601,305,法国,21,辽宁省,160732057
201601,305,法国,22,吉林省,6428743
201601,305,法国,23,黑龙江省,14599264
201601,305,法国,31,上海市,1402982827
201601,305,法国,32,江苏省,2312285559
201601,305,法国,33,浙江省,3164474148
201601,305,法国,34,安徽省,222385907
201601,305,法国,35,福建省,760519206
201601,305,法国,36,江西省,120851113
201601,305,法国,37,山东省,811613972
201601,305,法国,41,河南省,69759905
201601,305,法国,42,湖北省,109082220
201601,305,法国,43,湖南省,58246082
201601,305,法国,44,广东省,3945327739
201601,305,法国,45,广西壮族自治区,25620287
201601,305,法国,46,海南省,6507707
201601,305,法国,50,重庆市,463541344
201601,305,法国,51,四川省,114851297
201601,305,法国,52,贵州省,40240713
201601,305,法国,53,云南省,30374345
201601,305,法国,61,陕西省,157524849
201601,305,法国,62,甘肃省,21181279
201601,305,法国,63,青海省,1265766
201601,305,法国,64,宁夏回族自治区,4830392
201601,305,法国,65,新疆维吾尔自治区,3718168
201601,306,爱尔兰,11,北京市,4997236
201601,306,爱尔兰,12,天津市,100661156
201601,306,爱尔兰,13,河北省,15207284
201601,306,爱尔兰,14,山西省,828026
201601,306,爱尔兰,15,内蒙古自治区,2985624
201601,306,爱尔兰,21,辽宁省,8863537
201601,306,爱尔兰,22,吉林省,515367
201601,306,爱尔兰,23,黑龙江省,727299
201601,306,爱尔兰,31,上海市,367666584
201601,306,爱尔兰,32,江苏省,197328352
201601,306,爱尔兰,33,浙江省,230965496
201601,306,爱尔兰,34,安徽省,26551097
201601,306,爱尔兰,35,福建省,63617526
201601,306,爱尔兰,36,江西省,5050466
201601,306,爱尔兰,37,山东省,92850847
201601,306,爱尔兰,41,河南省,20224792
201601,306,爱尔兰,42,湖北省,12714546
201601,306,爱尔兰,43,湖南省,2745938
201601,306,爱尔兰,44,广东省,279839170
201601,306,爱尔兰,45,广西壮族自治区,2311782
201601,306,爱尔兰,46,海南省,389861
201601,306,爱尔兰,50,重庆市,32558937
201601,306,爱尔兰,51,四川省,1401218
201601,306,爱尔兰,52,贵州省,56570
201601,306,爱尔兰,53,云南省,1066447
201601,306,爱尔兰,61,陕西省,5196841
201601,306,爱尔兰,62,甘肃省,1203018
201601,306,爱尔兰,65,新疆维吾尔自治区,397331
201601,307,意大利,11,北京市,314995915
201601,307,意大利,12,天津市,354547618
201601,307,意大利,13,河北省,383103700
201601,307,意大利,14,山西省,56996858
201601,307,意大利,15,内蒙古自治区,38027795
201601,307,意大利,21,辽宁省,240420094
201601,307,意大利,22,吉林省,43182469
201601,307,意大利,23,黑龙江省,23011527
201601,307,意大利,31,上海市,1445692438
201601,307,意大利,32,江苏省,2123678801
201601,307,意大利,33,浙江省,3340345576
201601,307,意大利,34,安徽省,255437771
201601,307,意大利,35,福建省,882877809
201601,307,意大利,36,江西省,134799671
201601,307,意大利,37,山东省,790733821
201601,307,意大利,41,河南省,218556218
201601,307,意大利,42,湖北省,142627223
201601,307,意大利,43,湖南省,87775671
201601,307,意大利,44,广东省,3669153195
201601,307,意大利,45,广西壮族自治区,41039640
201601,307,意大利,46,海南省,17979747
201601,307,意大利,50,重庆市,308867538
201601,307,意大利,51,四川省,163071543
201601,307,意大利,52,贵州省,15956356
201601,307,意大利,53,云南省,28077390
201601,307,意大利,61,陕西省,49373023
201601,307,意大利,62,甘肃省,29258093
201601,307,意大利,63,青海省,1211210
201601,307,意大利,64,宁夏回族自治区,15838947
201601,307,意大利,65,新疆维吾尔自治区,16093481
201601,308,卢森堡,11,北京市,1746448
201601,308,卢森堡,12,天津市,2275469
201601,308,卢森堡,13,河北省,2343328
201601,308,卢森堡,14,山西省,80699154
201601,308,卢森堡,21,辽宁省,809515
201601,308,卢森堡,31,上海市,28048958
201601,308,卢森堡,32,江苏省,465925225
201601,308,卢森堡,33,浙江省,6861460
201601,308,卢森堡,34,安徽省,2163206
201601,308,卢森堡,35,福建省,252570
201601,308,卢森堡,37,山东省,3911879
201601,308,卢森堡,41,河南省,153649892
201601,308,卢森堡,43,湖南省,22242
201601,308,卢森堡,44,广东省,11122282
201601,308,卢森堡,45,广西壮族自治区,30
201601,308,卢森堡,50,重庆市,1292
201601,308,卢森堡,51,四川省,1645366
201601,308,卢森堡,62,甘肃省,20034
201601,309,荷兰,11,北京市,229396310
201601,309,荷兰,12,天津市,451786077
201601,309,荷兰,13,河北省,300963082
201601,309,荷兰,14,山西省,569991767
201601,309,荷兰,15,内蒙古自治区,59261455
201601,309,荷兰,21,辽宁省,463549592
201601,309,荷兰,22,吉林省,63411439
201601,309,荷兰,23,黑龙江省,36788009
201601,309,荷兰,31,上海市,2772740383
201601,309,荷兰,32,江苏省,6863133017
201601,309,荷兰,33,浙江省,3765224263
201601,309,荷兰,34,安徽省,316578515
201601,309,荷兰,35,福建省,1709494771
201601,309,荷兰,36,江西省,339610692
201601,309,荷兰,37,山东省,1454649369
201601,309,荷兰,41,河南省,1684094434
201601,309,荷兰,42,湖北省,202728482
201601,309,荷兰,43,湖南省,150522037
201601,309,荷兰,44,广东省,6252100845
201601,309,荷兰,45,广西壮族自治区,61529436
201601,309,荷兰,46,海南省,6980355
201601,309,荷兰,50,重庆市,936609340
201601,309,荷兰,51,四川省,449509355
201601,309,荷兰,52,贵州省,17813131
201601,309,荷兰,53,云南省,42483122
201601,309,荷兰,61,陕西省,223375228
201601,309,荷兰,62,甘肃省,68333451
201601,309,荷兰,63,青海省,2291343
201601,309,荷兰,64,宁夏回族自治区,36129192
201601,309,荷兰,65,新疆维吾尔自治区,11783460
201601,310,希腊,11,北京市,15495769
201601,310,希腊,12,天津市,34747929
201601,310,希腊,13,河北省,24537665
201601,310,希腊,14,山西省,3989589
201601,310,希腊,21,辽宁省,32411966
201601,310,希腊,22,吉林省,2431196
201601,310,希腊,23,黑龙江省,838086
201601,310,希腊,31,上海市,59860001
201601,310,希腊,32,江苏省,257139762
201601,310,希腊,33,浙江省,609835237
201601,310,希腊,34,安徽省,37609599
201601,310,希腊,35,福建省,182358845
201601,310,希腊,36,江西省,26773266
201601,310,希腊,37,山东省,99810157
201601,310,希腊,41,河南省,11329011
201601,310,希腊,42,湖北省,15335319
201601,310,希腊,43,湖南省,16684749
201601,310,希腊,44,广东省,398182087
201601,310,希腊,45,广西壮族自治区,1622087
201601,310,希腊,46,海南省,3782998
201601,310,希腊,50,重庆市,111105482
201601,310,希腊,51,四川省,6977543
201601,310,希腊,52,贵州省,8237544
201601,310,希腊,53,云南省,4271735
201601,310,希腊,61,陕西省,1580942
201601,310,希腊,62,甘肃省,1468382
201601,310,希腊,64,宁夏回族自治区,6006793
201601,310,希腊,65,新疆维吾尔自治区,58357
201601,311,葡萄牙,11,北京市,9450796
201601,311,葡萄牙,12,天津市,39158950
201601,311,葡萄牙,13,河北省,23003690
201601,311,葡萄牙,14,山西省,555865
201601,311,葡萄牙,15,内蒙古自治区,1326522
201601,311,葡萄牙,21,辽宁省,49196011
201601,311,葡萄牙,22,吉林省,498971
201601,311,葡萄牙,23,黑龙江省,6709230
201601,311,葡萄牙,31,上海市,553552299
201601,311,葡萄牙,32,江苏省,682053576
201601,311,葡萄牙,33,浙江省,511459353
201601,311,葡萄牙,34,安徽省,31134239
201601,311,葡萄牙,35,福建省,80680745
201601,311,葡萄牙,36,江西省,8020286
201601,311,葡萄牙,37,山东省,77467128
201601,311,葡萄牙,41,河南省,11618999
201601,311,葡萄牙,42,湖北省,187848443
201601,311,葡萄牙,43,湖南省,5170368
201601,311,葡萄牙,44,广东省,258144038
201601,311,葡萄牙,45,广西壮族自治区,4406230
201601,311,葡萄牙,50,重庆市,61172579
201601,311,葡萄牙,51,四川省,2578363
201601,311,葡萄牙,52,贵州省,570033
201601,311,葡萄牙,53,云南省,1828872
201601,311,葡萄牙,61,陕西省,1352512
201601,311,葡萄牙,62,甘肃省,1705426
201601,311,葡萄牙,64,宁夏回族自治区,902951
201601,312,西班牙,11,北京市,191185424
201601,312,西班牙,12,天津市,221842619
201601,312,西班牙,13,河北省,160998289
201601,312,西班牙,14,山西省,14621238
201601,312,西班牙,15,内蒙古自治区,34417918
201601,312,西班牙,21,辽宁省,236670721
201601,312,西班牙,22,吉林省,13714729
201601,312,西班牙,23,黑龙江省,32276797
201601,312,西班牙,31,上海市,805656530
201601,312,西班牙,32,江苏省,1652303599
201601,312,西班牙,33,浙江省,2835098464
201601,312,西班牙,34,安徽省,161742934
201601,312,西班牙,35,福建省,770062038
201601,312,西班牙,36,江西省,131907863
201601,312,西班牙,37,山东省,795379286
201601,312,西班牙,41,河南省,72727178
201601,312,西班牙,42,湖北省,79000432
201601,312,西班牙,43,湖南省,77624294
201601,312,西班牙,44,广东省,2899186177
201601,312,西班牙,45,广西壮族自治区,20436497
201601,312,西班牙,46,海南省,1340483
201601,312,西班牙,50,重庆市,319799150
201601,312,西班牙,51,四川省,58398854
201601,312,西班牙,52,贵州省,19169063
201601,312,西班牙,53,云南省,26966651
201601,312,西班牙,54,西藏自治区,51203
201601,312,西班牙,61,陕西省,28974158
201601,312,西班牙,62,甘肃省,18963871
201601,312,西班牙,64,宁夏回族自治区,6387371
201601,312,西班牙,65,新疆维吾尔自治区,14319572
201601,313,阿尔巴尼亚,11,北京市,287015
201601,313,阿尔巴尼亚,12,天津市,1764211
201601,313,阿尔巴尼亚,13,河北省,3926175
201601,313,阿尔巴尼亚,15,内蒙古自治区,208423
201601,313,阿尔巴尼亚,21,辽宁省,497930
201601,313,阿尔巴尼亚,23,黑龙江省,12727
201601,313,阿尔巴尼亚,31,上海市,3740549
201601,313,阿尔巴尼亚,32,江苏省,23216926
201601,313,阿尔巴尼亚,33,浙江省,89106810
201601,313,阿尔巴尼亚,34,安徽省,699983
201601,313,阿尔巴尼亚,35,福建省,9613728
201601,313,阿尔巴尼亚,36,江西省,3284435
201601,313,阿尔巴尼亚,37,山东省,19048900
201601,313,阿尔巴尼亚,41,河南省,783376
201601,313,阿尔巴尼亚,42,湖北省,243190
201601,313,阿尔巴尼亚,44,广东省,21910217
201601,313,阿尔巴尼亚,45,广西壮族自治区,78068
201601,313,阿尔巴尼亚,50,重庆市,3753287
201601,313,阿尔巴尼亚,51,四川省,290326
201601,313,阿尔巴尼亚,52,贵州省,156981
201601,313,阿尔巴尼亚,53,云南省,95258
201601,313,阿尔巴尼亚,61,陕西省,5212
201601,313,阿尔巴尼亚,62,甘肃省,194030
201601,313,阿尔巴尼亚,65,新疆维吾尔自治区,83161
201601,314,安道尔,11,北京市,76
201601,314,安道尔,31,上海市,1096
201601,314,安道尔,32,江苏省,185
201601,314,安道尔,33,浙江省,693749
201601,314,安道尔,37,山东省,8908
201601,314,安道尔,44,广东省,144670
201601,315,奥地利,11,北京市,15218151
201601,315,奥地利,12,天津市,202890442
201601,315,奥地利,13,河北省,16343865
201601,315,奥地利,14,山西省,848127
201601,315,奥地利,15,内蒙古自治区,2870597
201601,315,奥地利,21,辽宁省,15089495
201601,315,奥地利,22,吉林省,4715164
201601,315,奥地利,23,黑龙江省,95388
201601,315,奥地利,31,上海市,155973627
201601,315,奥地利,32,江苏省,187460798
201601,315,奥地利,33,浙江省,182513720
201601,315,奥地利,34,安徽省,15884431
201601,315,奥地利,35,福建省,52101080
201601,315,奥地利,36,江西省,7665286
201601,315,奥地利,37,山东省,48364887
201601,315,奥地利,41,河南省,4502297
201601,315,奥地利,42,湖北省,867159
201601,315,奥地利,43,湖南省,6436057
201601,315,奥地利,44,广东省,257841168
201601,315,奥地利,45,广西壮族自治区,2555570
201601,315,奥地利,46,海南省,890018
201601,315,奥地利,50,重庆市,8452107
201601,315,奥地利,51,四川省,2767807
201601,315,奥地利,52,贵州省,193971
201601,315,奥地利,53,云南省,126426
201601,315,奥地利,61,陕西省,2449620
201601,315,奥地利,62,甘肃省,6355890
201601,315,奥地利,65,新疆维吾尔自治区,533863
201601,316,保加利亚,11,北京市,8388196
201601,316,保加利亚,12,天津市,16367916
201601,316,保加利亚,13,河北省,10085773
201601,316,保加利亚,14,山西省,407879
201601,316,保加利亚,15,内蒙古自治区,864695
201601,316,保加利亚,21,辽宁省,6659346
201601,316,保加利亚,22,吉林省,379889
201601,316,保加利亚,31,上海市,36762866
201601,316,保加利亚,32,江苏省,73613880
201601,316,保加利亚,33,浙江省,152951536
201601,316,保加利亚,34,安徽省,5860809
201601,316,保加利亚,35,福建省,30949665
201601,316,保加利亚,36,江西省,1636143
201601,316,保加利亚,37,山东省,39327126
201601,316,保加利亚,41,河南省,5172142
201601,316,保加利亚,42,湖北省,2987086
201601,316,保加利亚,43,湖南省,1380389
201601,316,保加利亚,44,广东省,121570090
201601,316,保加利亚,45,广西壮族自治区,410989
201601,316,保加利亚,50,重庆市,13444235
201601,316,保加利亚,51,四川省,4767501
201601,316,保加利亚,52,贵州省,120273
201601,316,保加利亚,53,云南省,532660
201601,316,保加利亚,61,陕西省,1501697
201601,316,保加利亚,62,甘肃省,143673
201601,316,保加利亚,64,宁夏回族自治区,340671
201601,316,保加利亚,65,新疆维吾尔自治区,1297782
201601,318,芬兰,11,北京市,38977275
201601,318,芬兰,12,天津市,21399951
201601,318,芬兰,13,河北省,23052028
201601,318,芬兰,14,山西省,1879062
201601,318,芬兰,15,内蒙古自治区,41284
201601,318,芬兰,21,辽宁省,28618183
201601,318,芬兰,22,吉林省,377386
201601,318,芬兰,23,黑龙江省,1098156
201601,318,芬兰,31,上海市,190937567
201601,318,芬兰,32,江苏省,374700100
201601,318,芬兰,33,浙江省,442314488
201601,318,芬兰,34,安徽省,33910525
201601,318,芬兰,35,福建省,77124782
201601,318,芬兰,36,江西省,9412520
201601,318,芬兰,37,山东省,95558929
201601,318,芬兰,41,河南省,11099854
201601,318,芬兰,42,湖北省,4392208
201601,318,芬兰,43,湖南省,8348826
201601,318,芬兰,44,广东省,332073997
201601,318,芬兰,45,广西壮族自治区,1071592
201601,318,芬兰,46,海南省,411855
201601,318,芬兰,50,重庆市,17262231
201601,318,芬兰,51,四川省,6433717
201601,318,芬兰,52,贵州省,1244975
201601,318,芬兰,53,云南省,557970
201601,318,芬兰,61,陕西省,9886886
201601,318,芬兰,62,甘肃省,2941354
201601,318,芬兰,64,宁夏回族自治区,1453027
201601,320,直布罗陀,31,上海市,1150641
201601,320,直布罗陀,32,江苏省,316031
201601,320,直布罗陀,33,浙江省,444403
201601,320,直布罗陀,44,广东省,605541
201601,320,直布罗陀,51,四川省,88611
201601,321,匈牙利,11,北京市,26427423
201601,321,匈牙利,12,天津市,20711171
201601,321,匈牙利,13,河北省,8234833
201601,321,匈牙利,14,山西省,62070
201601,321,匈牙利,15,内蒙古自治区,41575
201601,321,匈牙利,21,辽宁省,65372720
201601,321,匈牙利,22,吉林省,1996740
201601,321,匈牙利,23,黑龙江省,129952
201601,321,匈牙利,31,上海市,115810507
201601,321,匈牙利,32,江苏省,511872863
201601,321,匈牙利,33,浙江省,246978388
201601,321,匈牙利,34,安徽省,16360047
201601,321,匈牙利,35,福建省,121102135
201601,321,匈牙利,36,江西省,4207850
201601,321,匈牙利,37,山东省,66240205
201601,321,匈牙利,41,河南省,4959189
201601,321,匈牙利,42,湖北省,22416293
201601,321,匈牙利,43,湖南省,13510523
201601,321,匈牙利,44,广东省,1414465272
201601,321,匈牙利,45,广西壮族自治区,111330
201601,321,匈牙利,50,重庆市,68826677
201601,321,匈牙利,51,四川省,15959089
201601,321,匈牙利,52,贵州省,124592
201601,321,匈牙利,53,云南省,52626
201601,321,匈牙利,61,陕西省,8169059
201601,321,匈牙利,62,甘肃省,493339
201601,321,匈牙利,64,宁夏回族自治区,442571
201601,321,匈牙利,65,新疆维吾尔自治区,505538
201601,322,冰岛,11,北京市,702150
201601,322,冰岛,12,天津市,231396
201601,322,冰岛,13,河北省,1727131
201601,322,冰岛,21,辽宁省,771710
201601,322,冰岛,22,吉林省,175367
201601,322,冰岛,31,上海市,1666130
201601,322,冰岛,32,江苏省,8379962
201601,322,冰岛,33,浙江省,7157534
201601,322,冰岛,34,安徽省,576995
201601,322,冰岛,35,福建省,1411857
201601,322,冰岛,36,江西省,58323
201601,322,冰岛,37,山东省,2428172
201601,322,冰岛,41,河南省,164746
201601,322,冰岛,42,湖北省,56225
201601,322,冰岛,43,湖南省,732
201601,322,冰岛,44,广东省,7022524
201601,322,冰岛,45,广西壮族自治区,1102646
201601,322,冰岛,51,四川省,693346
201601,322,冰岛,52,贵州省,452770
201601,322,冰岛,65,新疆维吾尔自治区,41595
201601,323,列支敦士登,11,北京市,438237
201601,323,列支敦士登,12,天津市,30051
201601,323,列支敦士登,13,河北省,504703
201601,323,列支敦士登,21,辽宁省,807897
201601,323,列支敦士登,22,吉林省,34882
201601,323,列支敦士登,31,上海市,10070804
201601,323,列支敦士登,32,江苏省,586975
201601,323,列支敦士登,33,浙江省,1397247
201601,323,列支敦士登,34,安徽省,24654
201601,323,列支敦士登,35,福建省,29663
201601,323,列支敦士登,37,山东省,11903
201601,323,列支敦士登,41,河南省,145951
201601,323,列支敦士登,42,湖北省,6676
201601,323,列支敦士登,43,湖南省,37709
201601,323,列支敦士登,44,广东省,1295098
201601,323,列支敦士登,51,四川省,5
201601,323,列支敦士登,61,陕西省,38149
201601,324,马耳他,11,北京市,11834493
201601,324,马耳他,12,天津市,278472
201601,324,马耳他,13,河北省,716068
201601,324,马耳他,15,内蒙古自治区,105321
201601,324,马耳他,21,辽宁省,11372543
201601,324,马耳他,23,黑龙江省,23294
201601,324,马耳他,31,上海市,20023558
201601,324,马耳他,32,江苏省,173021858
201601,324,马耳他,33,浙江省,210637252
201601,324,马耳他,34,安徽省,1749888
201601,324,马耳他,35,福建省,21124096
201601,324,马耳他,36,江西省,9427220
201601,324,马耳他,37,山东省,13592102
201601,324,马耳他,41,河南省,1289457
201601,324,马耳他,42,湖北省,149534524
201601,324,马耳他,43,湖南省,1302822
201601,324,马耳他,44,广东省,146619514
201601,324,马耳他,50,重庆市,15166888
201601,324,马耳他,51,四川省,22
201601,324,马耳他,52,贵州省,26335
201601,324,马耳他,53,云南省,440484
201601,324,马耳他,62,甘肃省,730109
201601,325,摩纳哥,11,北京市,26
201601,325,摩纳哥,12,天津市,34480
201601,325,摩纳哥,31,上海市,259
201601,325,摩纳哥,32,江苏省,1715788
201601,325,摩纳哥,33,浙江省,68848
201601,325,摩纳哥,37,山东省,31963
201601,325,摩纳哥,42,湖北省,319050
201601,325,摩纳哥,44,广东省,1270402
201601,326,挪威,11,北京市,26357239
201601,326,挪威,12,天津市,15087569
201601,326,挪威,13,河北省,18700740
201601,326,挪威,14,山西省,1603403
201601,326,挪威,15,内蒙古自治区,2464825
201601,326,挪威,21,辽宁省,20734690
201601,326,挪威,22,吉林省,459693
201601,326,挪威,23,黑龙江省,2880095
201601,326,挪威,31,上海市,97450770
201601,326,挪威,32,江苏省,420912644
201601,326,挪威,33,浙江省,322044930
201601,326,挪威,34,安徽省,15535193
201601,326,挪威,35,福建省,94346978
201601,326,挪威,36,江西省,15745594
201601,326,挪威,37,山东省,137287884
201601,326,挪威,41,河南省,15943477
201601,326,挪威,42,湖北省,13462739
201601,326,挪威,43,湖南省,1771279
201601,326,挪威,44,广东省,267639150
201601,326,挪威,45,广西壮族自治区,1917327
201601,326,挪威,46,海南省,114368
201601,326,挪威,50,重庆市,13573551
201601,326,挪威,51,四川省,4518871
201601,326,挪威,52,贵州省,214338
201601,326,挪威,53,云南省,8808595
201601,326,挪威,61,陕西省,4679784
201601,326,挪威,62,甘肃省,2384992
201601,326,挪威,64,宁夏回族自治区,2554386
201601,326,挪威,65,新疆维吾尔自治区,1256595
201601,327,波兰,11,北京市,63738793
201601,327,波兰,12,天津市,165482305
201601,327,波兰,13,河北省,78133453
201601,327,波兰,14,山西省,7666856
201601,327,波兰,15,内蒙古自治区,2249695
201601,327,波兰,21,辽宁省,127865775
201601,327,波兰,22,吉林省,5186693
201601,327,波兰,23,黑龙江省,4868990
201601,327,波兰,31,上海市,502445614
201601,327,波兰,32,江苏省,1225948470
201601,327,波兰,33,浙江省,1732663090
201601,327,波兰,34,安徽省,314060761
201601,327,波兰,35,福建省,669326855
201601,327,波兰,36,江西省,59056368
201601,327,波兰,37,山东省,531815168
201601,327,波兰,41,河南省,28692242
201601,327,波兰,42,湖北省,145630647
201601,327,波兰,43,湖南省,37858313
201601,327,波兰,44,广东省,1941149216
201601,327,波兰,45,广西壮族自治区,9628640
201601,327,波兰,46,海南省,3365679
201601,327,波兰,50,重庆市,157629845
201601,327,波兰,51,四川省,52908143
201601,327,波兰,52,贵州省,13777998
201601,327,波兰,53,云南省,9542164
201601,327,波兰,61,陕西省,30043775
201601,327,波兰,62,甘肃省,12377769
201601,327,波兰,63,青海省,174220
201601,327,波兰,64,宁夏回族自治区,1557567
201601,327,波兰,65,新疆维吾尔自治区,9499754
201601,328,罗马尼亚,11,北京市,15897684
201601,328,罗马尼亚,12,天津市,94558652
201601,328,罗马尼亚,13,河北省,19038412
201601,328,罗马尼亚,14,山西省,1535579
201601,328,罗马尼亚,21,辽宁省,14068385
201601,328,罗马尼亚,22,吉林省,2436619
201601,328,罗马尼亚,23,黑龙江省,3376087
201601,328,罗马尼亚,31,上海市,124996242
201601,328,罗马尼亚,32,江苏省,372592509
201601,328,罗马尼亚,33,浙江省,396741559
201601,328,罗马尼亚,34,安徽省,22931172
201601,328,罗马尼亚,35,福建省,51019066
201601,328,罗马尼亚,36,江西省,17304032
201601,328,罗马尼亚,37,山东省,88795082
201601,328,罗马尼亚,41,河南省,13637320
201601,328,罗马尼亚,42,湖北省,21293163
201601,328,罗马尼亚,43,湖南省,1965803
201601,328,罗马尼亚,44,广东省,288853445
201601,328,罗马尼亚,45,广西壮族自治区,20267680
201601,328,罗马尼亚,46,海南省,9442
201601,328,罗马尼亚,50,重庆市,52083490
201601,328,罗马尼亚,51,四川省,4720162
201601,328,罗马尼亚,52,贵州省,2116066
201601,328,罗马尼亚,53,云南省,1423502
201601,328,罗马尼亚,61,陕西省,10974051
201601,328,罗马尼亚,62,甘肃省,7715425
201601,328,罗马尼亚,63,青海省,357963
201601,328,罗马尼亚,64,宁夏回族自治区,2015037
201601,328,罗马尼亚,65,新疆维吾尔自治区,1880302
201601,329,圣马力诺,11,北京市,2422
201601,329,圣马力诺,31,上海市,231819
201601,329,圣马力诺,32,江苏省,1870587
201601,329,圣马力诺,33,浙江省,81070
201601,329,圣马力诺,37,山东省,483347
201601,329,圣马力诺,42,湖北省,15375
201601,329,圣马力诺,44,广东省,1778801
201601,330,瑞典,11,北京市,78008121
201601,330,瑞典,12,天津市,83332341
201601,330,瑞典,13,河北省,57974334
201601,330,瑞典,14,山西省,4492264
201601,330,瑞典,15,内蒙古自治区,922442
201601,330,瑞典,21,辽宁省,54314110
201601,330,瑞典,22,吉林省,24898161
201601,330,瑞典,23,黑龙江省,3765387
201601,330,瑞典,31,上海市,325989332
201601,330,瑞典,32,江苏省,605044314
201601,330,瑞典,33,浙江省,833088210
201601,330,瑞典,34,安徽省,41459276
201601,330,瑞典,35,福建省,253196343
201601,330,瑞典,36,江西省,20850727
201601,330,瑞典,37,山东省,288396829
201601,330,瑞典,41,河南省,39929367
201601,330,瑞典,42,湖北省,21998456
201601,330,瑞典,43,湖南省,9794601
201601,330,瑞典,44,广东省,865324798
201601,330,瑞典,45,广西壮族自治区,13564131
201601,330,瑞典,46,海南省,77876
201601,330,瑞典,50,重庆市,57565374
201601,330,瑞典,51,四川省,18686976
201601,330,瑞典,52,贵州省,13014580
201601,330,瑞典,53,云南省,1062102
201601,330,瑞典,61,陕西省,16320547
201601,330,瑞典,62,甘肃省,3348112
201601,330,瑞典,63,青海省,214657
201601,330,瑞典,64,宁夏回族自治区,3056074
201601,330,瑞典,65,新疆维吾尔自治区,1186324
201601,331,瑞士,11,北京市,16451210
201601,331,瑞士,12,天津市,40584461
201601,331,瑞士,13,河北省,9639284
201601,331,瑞士,14,山西省,402722
201601,331,瑞士,15,内蒙古自治区,2967579
201601,331,瑞士,21,辽宁省,24593270
201601,331,瑞士,22,吉林省,1101973
201601,331,瑞士,23,黑龙江省,83845
201601,331,瑞士,31,上海市,159887204
201601,331,瑞士,32,江苏省,372563702
201601,331,瑞士,33,浙江省,333216726
201601,331,瑞士,34,安徽省,19730567
201601,331,瑞士,35,福建省,56497142
201601,331,瑞士,36,江西省,6502589
201601,331,瑞士,37,山东省,121193391
201601,331,瑞士,41,河南省,8202324
201601,331,瑞士,42,湖北省,7305144
201601,331,瑞士,43,湖南省,7587355
201601,331,瑞士,44,广东省,445698537
201601,331,瑞士,45,广西壮族自治区,6795396
201601,331,瑞士,46,海南省,2578
201601,331,瑞士,50,重庆市,50738303
201601,331,瑞士,51,四川省,4576445
201601,331,瑞士,52,贵州省,248347
201601,331,瑞士,53,云南省,335476
201601,331,瑞士,61,陕西省,12277652
201601,331,瑞士,62,甘肃省,221177
201601,331,瑞士,64,宁夏回族自治区,1588621
201601,331,瑞士,65,新疆维吾尔自治区,66346
201601,334,爱沙尼亚,11,北京市,4989173
201601,334,爱沙尼亚,12,天津市,6368813
201601,334,爱沙尼亚,13,河北省,6549565
201601,334,爱沙尼亚,14,山西省,4300961
201601,334,爱沙尼亚,15,内蒙古自治区,134422
201601,334,爱沙尼亚,21,辽宁省,2445000
201601,334,爱沙尼亚,22,吉林省,27783
201601,334,爱沙尼亚,23,黑龙江省,446134
201601,334,爱沙尼亚,31,上海市,60848687
201601,334,爱沙尼亚,32,江苏省,105105048
201601,334,爱沙尼亚,33,浙江省,102064370
201601,334,爱沙尼亚,34,安徽省,16626086
201601,334,爱沙尼亚,35,福建省,18571038
201601,334,爱沙尼亚,36,江西省,3255428
201601,334,爱沙尼亚,37,山东省,23606975
201601,334,爱沙尼亚,41,河南省,7808501
201601,334,爱沙尼亚,42,湖北省,611833
201601,334,爱沙尼亚,43,湖南省,307761
201601,334,爱沙尼亚,44,广东省,105979996
201601,334,爱沙尼亚,45,广西壮族自治区,644097
201601,334,爱沙尼亚,46,海南省,1107642
201601,334,爱沙尼亚,50,重庆市,11264986
201601,334,爱沙尼亚,51,四川省,2526511
201601,334,爱沙尼亚,53,云南省,32265
201601,334,爱沙尼亚,61,陕西省,6348910
201601,334,爱沙尼亚,62,甘肃省,5672691
201601,334,爱沙尼亚,64,宁夏回族自治区,58454
201601,334,爱沙尼亚,65,新疆维吾尔自治区,5632569
201601,335,拉脱维亚,11,北京市,5219956
201601,335,拉脱维亚,12,天津市,11339974
201601,335,拉脱维亚,13,河北省,8070629
201601,335,拉脱维亚,14,山西省,261651
201601,335,拉脱维亚,15,内蒙古自治区,859485
201601,335,拉脱维亚,21,辽宁省,8958993
201601,335,拉脱维亚,22,吉林省,165207
201601,335,拉脱维亚,23,黑龙江省,784545
201601,335,拉脱维亚,31,上海市,34562256
201601,335,拉脱维亚,32,江苏省,90098834
201601,335,拉脱维亚,33,浙江省,128426068
201601,335,拉脱维亚,34,安徽省,8721391
201601,335,拉脱维亚,35,福建省,31969008
201601,335,拉脱维亚,36,江西省,4025324
201601,335,拉脱维亚,37,山东省,40882413
201601,335,拉脱维亚,41,河南省,3816298
201601,335,拉脱维亚,42,湖北省,4284416
201601,335,拉脱维亚,43,湖南省,1379826
201601,335,拉脱维亚,44,广东省,94331707
201601,335,拉脱维亚,45,广西壮族自治区,1134247
201601,335,拉脱维亚,50,重庆市,4178878
201601,335,拉脱维亚,51,四川省,8799772
201601,335,拉脱维亚,52,贵州省,773670
201601,335,拉脱维亚,53,云南省,250398
201601,335,拉脱维亚,61,陕西省,4930828
201601,335,拉脱维亚,62,甘肃省,2909644
201601,335,拉脱维亚,64,宁夏回族自治区,909611
201601,335,拉脱维亚,65,新疆维吾尔自治区,3648380
201601,336,立陶宛,11,北京市,1769157
201601,336,立陶宛,12,天津市,3576447
201601,336,立陶宛,13,河北省,11772852
201601,336,立陶宛,14,山西省,453680
201601,336,立陶宛,15,内蒙古自治区,9107616
201601,336,立陶宛,21,辽宁省,3179725
201601,336,立陶宛,22,吉林省,1052280
201601,336,立陶宛,23,黑龙江省,1546542
201601,336,立陶宛,31,上海市,34300280
201601,336,立陶宛,32,江苏省,90929210
201601,336,立陶宛,33,浙江省,181589117
201601,336,立陶宛,34,安徽省,8744597
201601,336,立陶宛,35,福建省,37707861
201601,336,立陶宛,36,江西省,7359666
201601,336,立陶宛,37,山东省,57049533
201601,336,立陶宛,41,河南省,10383400
201601,336,立陶宛,42,湖北省,5364058
201601,336,立陶宛,43,湖南省,2712085
201601,336,立陶宛,44,广东省,130396790
201601,336,立陶宛,45,广西壮族自治区,466447
201601,336,立陶宛,46,海南省,1283848
201601,336,立陶宛,50,重庆市,3888056
201601,336,立陶宛,51,四川省,4039561
201601,336,立陶宛,52,贵州省,515272
201601,336,立陶宛,53,云南省,222029
201601,336,立陶宛,61,陕西省,1181557
201601,336,立陶宛,62,甘肃省,1021792
201601,336,立陶宛,64,宁夏回族自治区,2525397
201601,336,立陶宛,65,新疆维吾尔自治区,2162408
201601,337,格鲁吉亚(2023年起停用),11,北京市,2758887
201601,337,格鲁吉亚(2023年起停用),12,天津市,2466987
201601,337,格鲁吉亚(2023年起停用),13,河北省,8649861
201601,337,格鲁吉亚(2023年起停用),21,辽宁省,2178109
201601,337,格鲁吉亚(2023年起停用),22,吉林省,229745
201601,337,格鲁吉亚(2023年起停用),23,黑龙江省,714992
201601,337,格鲁吉亚(2023年起停用),31,上海市,7643745
201601,337,格鲁吉亚(2023年起停用),32,江苏省,40793914
201601,337,格鲁吉亚(2023年起停用),33,浙江省,111893393
201601,337,格鲁吉亚(2023年起停用),34,安徽省,3562384
201601,337,格鲁吉亚(2023年起停用),35,福建省,11466188
201601,337,格鲁吉亚(2023年起停用),36,江西省,2395215
201601,337,格鲁吉亚(2023年起停用),37,山东省,32186025
201601,337,格鲁吉亚(2023年起停用),41,河南省,3474314
201601,337,格鲁吉亚(2023年起停用),42,湖北省,190566
201601,337,格鲁吉亚(2023年起停用),43,湖南省,1123161
201601,337,格鲁吉亚(2023年起停用),44,广东省,45464064
201601,337,格鲁吉亚(2023年起停用),50,重庆市,17677411
201601,337,格鲁吉亚(2023年起停用),51,四川省,383679
201601,337,格鲁吉亚(2023年起停用),52,贵州省,861181
201601,337,格鲁吉亚(2023年起停用),53,云南省,966265
201601,337,格鲁吉亚(2023年起停用),61,陕西省,4160917
201601,337,格鲁吉亚(2023年起停用),62,甘肃省,3963457
201601,337,格鲁吉亚(2023年起停用),64,宁夏回族自治区,41344
201601,337,格鲁吉亚(2023年起停用),65,新疆维吾尔自治区,1287141
201601,338,亚美尼亚(2023年起停用),11,北京市,64119
201601,338,亚美尼亚(2023年起停用),12,天津市,6184578
201601,338,亚美尼亚(2023年起停用),13,河北省,4096446
201601,338,亚美尼亚(2023年起停用),21,辽宁省,51349
201601,338,亚美尼亚(2023年起停用),31,上海市,1773718
201601,338,亚美尼亚(2023年起停用),32,江苏省,6425699
201601,338,亚美尼亚(2023年起停用),33,浙江省,10450126
201601,338,亚美尼亚(2023年起停用),34,安徽省,807975
201601,338,亚美尼亚(2023年起停用),35,福建省,20402
201601,338,亚美尼亚(2023年起停用),36,江西省,764350
201601,338,亚美尼亚(2023年起停用),37,山东省,3405888
201601,338,亚美尼亚(2023年起停用),42,湖北省,496847
201601,338,亚美尼亚(2023年起停用),43,湖南省,325359
201601,338,亚美尼亚(2023年起停用),44,广东省,30764913
201601,338,亚美尼亚(2023年起停用),45,广西壮族自治区,149191
201601,338,亚美尼亚(2023年起停用),51,四川省,74543
201601,338,亚美尼亚(2023年起停用),52,贵州省,225383
201601,338,亚美尼亚(2023年起停用),53,云南省,161310
201601,338,亚美尼亚(2023年起停用),61,陕西省,19306
201601,339,阿塞拜疆(2023年起停用),11,北京市,337967
201601,339,阿塞拜疆(2023年起停用),12,天津市,634789
201601,339,阿塞拜疆(2023年起停用),13,河北省,950318
201601,339,阿塞拜疆(2023年起停用),21,辽宁省,1143166
201601,339,阿塞拜疆(2023年起停用),23,黑龙江省,51287
201601,339,阿塞拜疆(2023年起停用),31,上海市,1982233
201601,339,阿塞拜疆(2023年起停用),32,江苏省,12219282
201601,339,阿塞拜疆(2023年起停用),33,浙江省,9915532
201601,339,阿塞拜疆(2023年起停用),34,安徽省,446871
201601,339,阿塞拜疆(2023年起停用),35,福建省,448457
201601,339,阿塞拜疆(2023年起停用),36,江西省,1109863
201601,339,阿塞拜疆(2023年起停用),37,山东省,6373304
201601,339,阿塞拜疆(2023年起停用),41,河南省,1941204
201601,339,阿塞拜疆(2023年起停用),42,湖北省,504568
201601,339,阿塞拜疆(2023年起停用),43,湖南省,120373
201601,339,阿塞拜疆(2023年起停用),44,广东省,16662644
201601,339,阿塞拜疆(2023年起停用),50,重庆市,60961
201601,339,阿塞拜疆(2023年起停用),51,四川省,475621
201601,339,阿塞拜疆(2023年起停用),53,云南省,80421
201601,339,阿塞拜疆(2023年起停用),61,陕西省,1962888
201601,339,阿塞拜疆(2023年起停用),62,甘肃省,117831
201601,340,白俄罗斯,11,北京市,131543967
201601,340,白俄罗斯,12,天津市,393238
201601,340,白俄罗斯,13,河北省,1467061
201601,340,白俄罗斯,21,辽宁省,2576219
201601,340,白俄罗斯,22,吉林省,18817
201601,340,白俄罗斯,23,黑龙江省,42108954
201601,340,白俄罗斯,31,上海市,10124104
201601,340,白俄罗斯,32,江苏省,56263769
201601,340,白俄罗斯,33,浙江省,40320702
201601,340,白俄罗斯,34,安徽省,1361624
201601,340,白俄罗斯,35,福建省,8597402
201601,340,白俄罗斯,36,江西省,10670417
201601,340,白俄罗斯,37,山东省,12831766
201601,340,白俄罗斯,41,河南省,1438629
201601,340,白俄罗斯,42,湖北省,321954
201601,340,白俄罗斯,43,湖南省,421543
201601,340,白俄罗斯,44,广东省,59203878
201601,340,白俄罗斯,45,广西壮族自治区,440171
201601,340,白俄罗斯,50,重庆市,1655500
201601,340,白俄罗斯,51,四川省,84693075
201601,340,白俄罗斯,52,贵州省,7658
201601,340,白俄罗斯,53,云南省,84931
201601,340,白俄罗斯,61,陕西省,2132621
201601,340,白俄罗斯,62,甘肃省,214241
201601,340,白俄罗斯,65,新疆维吾尔自治区,61386
201601,343,摩尔多瓦,11,北京市,344038
201601,343,摩尔多瓦,12,天津市,138400
201601,343,摩尔多瓦,13,河北省,249146
201601,343,摩尔多瓦,31,上海市,2741596
201601,343,摩尔多瓦,32,江苏省,5493160
201601,343,摩尔多瓦,33,浙江省,13398030
201601,343,摩尔多瓦,34,安徽省,593032
201601,343,摩尔多瓦,35,福建省,1001349
201601,343,摩尔多瓦,36,江西省,1425268
201601,343,摩尔多瓦,37,山东省,3803815
201601,343,摩尔多瓦,41,河南省,717251
201601,343,摩尔多瓦,43,湖南省,37632
201601,343,摩尔多瓦,44,广东省,9690256
201601,343,摩尔多瓦,45,广西壮族自治区,6
201601,343,摩尔多瓦,50,重庆市,523969
201601,343,摩尔多瓦,51,四川省,634934
201601,343,摩尔多瓦,52,贵州省,114873
201601,343,摩尔多瓦,64,宁夏回族自治区,63204
201601,344,俄罗斯,11,北京市,535113384
201601,344,俄罗斯,12,天津市,318020453
201601,344,俄罗斯,13,河北省,817654652
201601,344,俄罗斯,14,山西省,139801141
201601,344,俄罗斯,15,内蒙古自治区,458638640
201601,344,俄罗斯,21,辽宁省,339319982
201601,344,俄罗斯,22,吉林省,20811667
201601,344,俄罗斯,23,黑龙江省,767891708
201601,344,俄罗斯,31,上海市,823353669
201601,344,俄罗斯,32,江苏省,1738691304
201601,344,俄罗斯,33,浙江省,3649343873
201601,344,俄罗斯,34,安徽省,176346699
201601,344,俄罗斯,35,福建省,679679413
201601,344,俄罗斯,36,江西省,155231927
201601,344,俄罗斯,37,山东省,1270743641
201601,344,俄罗斯,41,河南省,309626323
201601,344,俄罗斯,42,湖北省,280086288
201601,344,俄罗斯,43,湖南省,83078213
201601,344,俄罗斯,44,广东省,2753186612
201601,344,俄罗斯,45,广西壮族自治区,23826440
201601,344,俄罗斯,46,海南省,15924021
201601,344,俄罗斯,50,重庆市,293662631
201601,344,俄罗斯,51,四川省,303016808
201601,344,俄罗斯,52,贵州省,76932246
201601,344,俄罗斯,53,云南省,54988680
201601,344,俄罗斯,61,陕西省,48387219
201601,344,俄罗斯,62,甘肃省,79644081
201601,344,俄罗斯,64,宁夏回族自治区,24596809
201601,344,俄罗斯,65,新疆维吾尔自治区,758376987
201601,347,乌克兰,11,北京市,16090531
201601,347,乌克兰,12,天津市,39692232
201601,347,乌克兰,13,河北省,39146445
201601,347,乌克兰,14,山西省,1087401
201601,347,乌克兰,15,内蒙古自治区,3643411
201601,347,乌克兰,21,辽宁省,17739951
201601,347,乌克兰,22,吉林省,1948928
201601,347,乌克兰,23,黑龙江省,3709470
201601,347,乌克兰,31,上海市,73395338
201601,347,乌克兰,32,江苏省,283201046
201601,347,乌克兰,33,浙江省,761097278
201601,347,乌克兰,34,安徽省,43096908
201601,347,乌克兰,35,福建省,65023873
201601,347,乌克兰,36,江西省,43327946
201601,347,乌克兰,37,山东省,171862440
201601,347,乌克兰,41,河南省,19177890
201601,347,乌克兰,42,湖北省,18362381
201601,347,乌克兰,43,湖南省,14723628
201601,347,乌克兰,44,广东省,324942034
201601,347,乌克兰,45,广西壮族自治区,8248469
201601,347,乌克兰,46,海南省,20497043
201601,347,乌克兰,50,重庆市,41622186
201601,347,乌克兰,51,四川省,8686976
201601,347,乌克兰,52,贵州省,2228584
201601,347,乌克兰,53,云南省,5907074
201601,347,乌克兰,61,陕西省,9683511
201601,347,乌克兰,62,甘肃省,10284706
201601,347,乌克兰,63,青海省,173844
201601,347,乌克兰,64,宁夏回族自治区,2421699
201601,347,乌克兰,65,新疆维吾尔自治区,4398864
201601,350,斯洛文尼亚,11,北京市,9338623
201601,350,斯洛文尼亚,12,天津市,16285114
201601,350,斯洛文尼亚,13,河北省,21897444
201601,350,斯洛文尼亚,14,山西省,2415727
201601,350,斯洛文尼亚,15,内蒙古自治区,8116736
201601,350,斯洛文尼亚,21,辽宁省,25571691
201601,350,斯洛文尼亚,22,吉林省,1849073
201601,350,斯洛文尼亚,23,黑龙江省,11314828
201601,350,斯洛文尼亚,31,上海市,57256725
201601,350,斯洛文尼亚,32,江苏省,140735631
201601,350,斯洛文尼亚,33,浙江省,425178100
201601,350,斯洛文尼亚,34,安徽省,6007249
201601,350,斯洛文尼亚,35,福建省,63512652
201601,350,斯洛文尼亚,36,江西省,12241557
201601,350,斯洛文尼亚,37,山东省,48065283
201601,350,斯洛文尼亚,41,河南省,15953669
201601,350,斯洛文尼亚,42,湖北省,10546367
201601,350,斯洛文尼亚,43,湖南省,8409398
201601,350,斯洛文尼亚,44,广东省,341753189
201601,350,斯洛文尼亚,45,广西壮族自治区,4981857
201601,350,斯洛文尼亚,50,重庆市,20395818
201601,350,斯洛文尼亚,51,四川省,3885439
201601,350,斯洛文尼亚,53,云南省,1650210
201601,350,斯洛文尼亚,61,陕西省,1562252
201601,350,斯洛文尼亚,62,甘肃省,2226287
201601,350,斯洛文尼亚,63,青海省,165870
201601,350,斯洛文尼亚,64,宁夏回族自治区,1015830
201601,351,克罗地亚,11,北京市,2272964
201601,351,克罗地亚,12,天津市,3744171
201601,351,克罗地亚,13,河北省,9383976
201601,351,克罗地亚,14,山西省,988988
201601,351,克罗地亚,15,内蒙古自治区,1429033
201601,351,克罗地亚,21,辽宁省,3775191
201601,351,克罗地亚,22,吉林省,601029
201601,351,克罗地亚,23,黑龙江省,510283
201601,351,克罗地亚,31,上海市,17114222
201601,351,克罗地亚,32,江苏省,65266860
201601,351,克罗地亚,33,浙江省,225358335
201601,351,克罗地亚,34,安徽省,8160470
201601,351,克罗地亚,35,福建省,44601552
201601,351,克罗地亚,36,江西省,5737370
201601,351,克罗地亚,37,山东省,23896583
201601,351,克罗地亚,41,河南省,2451055
201601,351,克罗地亚,42,湖北省,2293768
201601,351,克罗地亚,43,湖南省,9635842
201601,351,克罗地亚,44,广东省,92824261
201601,351,克罗地亚,45,广西壮族自治区,1595450
201601,351,克罗地亚,50,重庆市,18960080
201601,351,克罗地亚,51,四川省,633095
201601,351,克罗地亚,52,贵州省,518431
201601,351,克罗地亚,53,云南省,8976
201601,351,克罗地亚,61,陕西省,485311
201601,351,克罗地亚,62,甘肃省,982769
201601,351,克罗地亚,64,宁夏回族自治区,83892
201601,351,克罗地亚,65,新疆维吾尔自治区,1107577
201601,352,捷克,11,北京市,71964928
201601,352,捷克,12,天津市,175080701
201601,352,捷克,13,河北省,27198293
201601,352,捷克,14,山西省,2982341
201601,352,捷克,15,内蒙古自治区,864646
201601,352,捷克,21,辽宁省,29767264
201601,352,捷克,22,吉林省,28820924
201601,352,捷克,23,黑龙江省,395526
201601,352,捷克,31,上海市,671452195
201601,352,捷克,32,江苏省,1046245893
201601,352,捷克,33,浙江省,285759183
201601,352,捷克,34,安徽省,35463969
201601,352,捷克,35,福建省,197373568
201601,352,捷克,36,江西省,12985593
201601,352,捷克,37,山东省,142511526
201601,352,捷克,41,河南省,324284272
201601,352,捷克,42,湖北省,217082234
201601,352,捷克,43,湖南省,4023227
201601,352,捷克,44,广东省,897664992
201601,352,捷克,45,广西壮族自治区,3811967
201601,352,捷克,50,重庆市,176295482
201601,352,捷克,51,四川省,23196747
201601,352,捷克,52,贵州省,1717256
201601,352,捷克,53,云南省,153491
201601,352,捷克,61,陕西省,17334950
201601,352,捷克,62,甘肃省,2982271
201601,352,捷克,64,宁夏回族自治区,318903
201601,352,捷克,65,新疆维吾尔自治区,1927791
201601,353,斯洛伐克,11,北京市,24019661
201601,353,斯洛伐克,12,天津市,94580272
201601,353,斯洛伐克,13,河北省,3443215
201601,353,斯洛伐克,14,山西省,865043
201601,353,斯洛伐克,21,辽宁省,6344119
201601,353,斯洛伐克,22,吉林省,548838
201601,353,斯洛伐克,31,上海市,77056572
201601,353,斯洛伐克,32,江苏省,266797198
201601,353,斯洛伐克,33,浙江省,121355229
201601,353,斯洛伐克,34,安徽省,78370143
201601,353,斯洛伐克,35,福建省,207711008
201601,353,斯洛伐克,36,江西省,7462952
201601,353,斯洛伐克,37,山东省,60979834
201601,353,斯洛伐克,41,河南省,5751484
201601,353,斯洛伐克,42,湖北省,677694
201601,353,斯洛伐克,43,湖南省,4150080
201601,353,斯洛伐克,44,广东省,279556493
201601,353,斯洛伐克,45,广西壮族自治区,653746
201601,353,斯洛伐克,46,海南省,484377
201601,353,斯洛伐克,50,重庆市,8109442
201601,353,斯洛伐克,51,四川省,7894699
201601,353,斯洛伐克,52,贵州省,29082
201601,353,斯洛伐克,53,云南省,6227961
201601,353,斯洛伐克,61,陕西省,99300172
201601,353,斯洛伐克,62,甘肃省,17949
201601,354,北马其顿,11,北京市,33208377
201601,354,北马其顿,12,天津市,1551130
201601,354,北马其顿,13,河北省,416977
201601,354,北马其顿,21,辽宁省,900153
201601,354,北马其顿,31,上海市,617258
201601,354,北马其顿,32,江苏省,4381614
201601,354,北马其顿,33,浙江省,5461594
201601,354,北马其顿,34,安徽省,192555
201601,354,北马其顿,36,江西省,737817
201601,354,北马其顿,37,山东省,4499403
201601,354,北马其顿,41,河南省,563577
201601,354,北马其顿,43,湖南省,495302
201601,354,北马其顿,44,广东省,11379260
201601,354,北马其顿,45,广西壮族自治区,5213
201601,354,北马其顿,50,重庆市,1041801
201601,354,北马其顿,51,四川省,61115
201601,354,北马其顿,61,陕西省,86786
201601,355,波斯尼亚和黑塞哥维那,11,北京市,108901
201601,355,波斯尼亚和黑塞哥维那,12,天津市,474394
201601,355,波斯尼亚和黑塞哥维那,13,河北省,72317
201601,355,波斯尼亚和黑塞哥维那,21,辽宁省,1242539
201601,355,波斯尼亚和黑塞哥维那,31,上海市,1249595
201601,355,波斯尼亚和黑塞哥维那,32,江苏省,2827300
201601,355,波斯尼亚和黑塞哥维那,33,浙江省,6455670
201601,355,波斯尼亚和黑塞哥维那,34,安徽省,233876
201601,355,波斯尼亚和黑塞哥维那,35,福建省,53993
201601,355,波斯尼亚和黑塞哥维那,37,山东省,5068917
201601,355,波斯尼亚和黑塞哥维那,43,湖南省,74871
201601,355,波斯尼亚和黑塞哥维那,44,广东省,9752196
201601,355,波斯尼亚和黑塞哥维那,50,重庆市,937559
201601,355,波斯尼亚和黑塞哥维那,51,四川省,198694
201601,356,梵蒂冈,11,北京市,457617
201601,357,法罗群岛,31,上海市,738
201601,357,法罗群岛,33,浙江省,52249
201601,357,法罗群岛,37,山东省,520245
201601,357,法罗群岛,44,广东省,73
201601,358,塞尔维亚,11,北京市,1113697
201601,358,塞尔维亚,12,天津市,3826127
201601,358,塞尔维亚,13,河北省,6147479
201601,358,塞尔维亚,14,山西省,37294
201601,358,塞尔维亚,21,辽宁省,979564
201601,358,塞尔维亚,22,吉林省,347243
201601,358,塞尔维亚,31,上海市,7379784
201601,358,塞尔维亚,32,江苏省,17354286
201601,358,塞尔维亚,33,浙江省,54571671
201601,358,塞尔维亚,34,安徽省,2943780
201601,358,塞尔维亚,35,福建省,3332837
201601,358,塞尔维亚,36,江西省,358420
201601,358,塞尔维亚,37,山东省,18799948
201601,358,塞尔维亚,41,河南省,2822530
201601,358,塞尔维亚,42,湖北省,1131298
201601,358,塞尔维亚,43,湖南省,3355648
201601,358,塞尔维亚,44,广东省,69841621
201601,358,塞尔维亚,45,广西壮族自治区,193114
201601,358,塞尔维亚,50,重庆市,3812303
201601,358,塞尔维亚,51,四川省,619497
201601,358,塞尔维亚,53,云南省,168455
201601,358,塞尔维亚,61,陕西省,546930
201601,358,塞尔维亚,62,甘肃省,994307
201601,358,塞尔维亚,64,宁夏回族自治区,47258
201601,358,塞尔维亚,65,新疆维吾尔自治区,1663
201601,359,黑山,11,北京市,1983108
201601,359,黑山,13,河北省,861973
201601,359,黑山,21,辽宁省,194046
201601,359,黑山,31,上海市,1165307
201601,359,黑山,32,江苏省,11065659
201601,359,黑山,33,浙江省,18653150
201601,359,黑山,34,安徽省,1810535
201601,359,黑山,35,福建省,12357018
201601,359,黑山,37,山东省,2398093
201601,359,黑山,42,湖北省,11759
201601,359,黑山,43,湖南省,175847
201601,359,黑山,44,广东省,9862851
201601,359,黑山,45,广西壮族自治区,60719
201601,359,黑山,50,重庆市,729627
201601,359,黑山,64,宁夏回族自治区,172551
201601,399,欧洲其他国家(地区),31,上海市,30
201601,399,欧洲其他国家(地区),44,广东省,6510
201601,401,安提瓜和巴布达,11,北京市,174817
201601,401,安提瓜和巴布达,31,上海市,2952825
201601,401,安提瓜和巴布达,32,江苏省,1190288
201601,401,安提瓜和巴布达,33,浙江省,1585195
201601,401,安提瓜和巴布达,36,江西省,16140
201601,401,安提瓜和巴布达,37,山东省,407480
201601,401,安提瓜和巴布达,42,湖北省,1172806
201601,401,安提瓜和巴布达,44,广东省,13482706
201601,402,阿根廷,11,北京市,246355154
201601,402,阿根廷,12,天津市,116369599
201601,402,阿根廷,13,河北省,43647894
201601,402,阿根廷,14,山西省,9246858
201601,402,阿根廷,15,内蒙古自治区,8600412
201601,402,阿根廷,21,辽宁省,40797935
201601,402,阿根廷,22,吉林省,984469
201601,402,阿根廷,23,黑龙江省,6925243
201601,402,阿根廷,31,上海市,245099242
201601,402,阿根廷,32,江苏省,549918201
201601,402,阿根廷,33,浙江省,862769548
201601,402,阿根廷,34,安徽省,96376223
201601,402,阿根廷,35,福建省,231833159
201601,402,阿根廷,36,江西省,59363691
201601,402,阿根廷,37,山东省,312561929
201601,402,阿根廷,41,河南省,15673114
201601,402,阿根廷,42,湖北省,33302084
201601,402,阿根廷,43,湖南省,13905269
201601,402,阿根廷,44,广东省,927899682
201601,402,阿根廷,45,广西壮族自治区,23269579
201601,402,阿根廷,46,海南省,4116508
201601,402,阿根廷,50,重庆市,151046592
201601,402,阿根廷,51,四川省,34291858
201601,402,阿根廷,52,贵州省,3643667
201601,402,阿根廷,53,云南省,4750326
201601,402,阿根廷,61,陕西省,7404319
201601,402,阿根廷,62,甘肃省,3803122
201601,402,阿根廷,63,青海省,183414
201601,402,阿根廷,64,宁夏回族自治区,1406381
201601,402,阿根廷,65,新疆维吾尔自治区,1786168
201601,403,阿鲁巴,11,北京市,155
201601,403,阿鲁巴,13,河北省,510470
201601,403,阿鲁巴,31,上海市,804440
201601,403,阿鲁巴,32,江苏省,223212
201601,403,阿鲁巴,33,浙江省,2675419
201601,403,阿鲁巴,35,福建省,1105583
201601,403,阿鲁巴,36,江西省,28527
201601,403,阿鲁巴,37,山东省,1286054
201601,403,阿鲁巴,41,河南省,223541
201601,403,阿鲁巴,42,湖北省,128354
201601,403,阿鲁巴,44,广东省,5304502
201601,403,阿鲁巴,61,陕西省,17266
201601,403,阿鲁巴,62,甘肃省,325172
201601,404,巴哈马,11,北京市,3252824
201601,404,巴哈马,12,天津市,576088
201601,404,巴哈马,13,河北省,458412
201601,404,巴哈马,21,辽宁省,1325148
201601,404,巴哈马,31,上海市,11041838
201601,404,巴哈马,32,江苏省,5793794
201601,404,巴哈马,33,浙江省,10524410
201601,404,巴哈马,34,安徽省,1108076
201601,404,巴哈马,35,福建省,1226826
201601,404,巴哈马,36,江西省,417874
201601,404,巴哈马,37,山东省,1519302
201601,404,巴哈马,42,湖北省,532602
201601,404,巴哈马,44,广东省,8878649
201601,404,巴哈马,50,重庆市,963958
201601,404,巴哈马,51,四川省,140481
201601,405,巴巴多斯,11,北京市,5719
201601,405,巴巴多斯,12,天津市,156882
201601,405,巴巴多斯,13,河北省,317213
201601,405,巴巴多斯,31,上海市,4933536
201601,405,巴巴多斯,32,江苏省,27787175
201601,405,巴巴多斯,33,浙江省,4861584
201601,405,巴巴多斯,34,安徽省,469260
201601,405,巴巴多斯,35,福建省,363523
201601,405,巴巴多斯,36,江西省,1196401
201601,405,巴巴多斯,37,山东省,1437479
201601,405,巴巴多斯,41,河南省,204632
201601,405,巴巴多斯,44,广东省,6018389
201601,405,巴巴多斯,50,重庆市,1483985
201601,405,巴巴多斯,61,陕西省,102912
201601,405,巴巴多斯,62,甘肃省,68219
201601,406,伯利兹,11,北京市,755
201601,406,伯利兹,12,天津市,459023
201601,406,伯利兹,13,河北省,43428
201601,406,伯利兹,21,辽宁省,506209
201601,406,伯利兹,23,黑龙江省,253687
201601,406,伯利兹,31,上海市,411631
201601,406,伯利兹,32,江苏省,2276316
201601,406,伯利兹,33,浙江省,8557782
201601,406,伯利兹,34,安徽省,388812
201601,406,伯利兹,35,福建省,2180874
201601,406,伯利兹,37,山东省,2087290
201601,406,伯利兹,41,河南省,103402
201601,406,伯利兹,42,湖北省,13308
201601,406,伯利兹,44,广东省,5252344
201601,406,伯利兹,50,重庆市,733788
201601,406,伯利兹,51,四川省,129081
201601,406,伯利兹,62,甘肃省,2481108
201601,408,玻利维亚,11,北京市,12623377
201601,408,玻利维亚,12,天津市,11173139
201601,408,玻利维亚,13,河北省,2118387
201601,408,玻利维亚,14,山西省,1087648
201601,408,玻利维亚,21,辽宁省,71104
201601,408,玻利维亚,31,上海市,16460645
201601,408,玻利维亚,32,江苏省,22787719
201601,408,玻利维亚,33,浙江省,43516383
201601,408,玻利维亚,34,安徽省,5061279
201601,408,玻利维亚,35,福建省,11596946
201601,408,玻利维亚,36,江西省,2181576
201601,408,玻利维亚,37,山东省,25797027
201601,408,玻利维亚,41,河南省,102896634
201601,408,玻利维亚,42,湖北省,1562965
201601,408,玻利维亚,43,湖南省,515983
201601,408,玻利维亚,44,广东省,55039008
201601,408,玻利维亚,45,广西壮族自治区,244156
201601,408,玻利维亚,50,重庆市,4547257
201601,408,玻利维亚,51,四川省,1335972
201601,408,玻利维亚,52,贵州省,24112
201601,408,玻利维亚,53,云南省,7355431
201601,408,玻利维亚,61,陕西省,13571
201601,408,玻利维亚,62,甘肃省,74320
201601,409,博内尔(2023年起停用),31,上海市,172
201601,409,博内尔(2023年起停用),32,江苏省,87331
201601,410,巴西,11,北京市,242364047
201601,410,巴西,12,天津市,403417050
201601,410,巴西,13,河北省,167150304
201601,410,巴西,14,山西省,30931962
201601,410,巴西,15,内蒙古自治区,34257739
201601,410,巴西,21,辽宁省,259532089
201601,410,巴西,22,吉林省,14399720
201601,410,巴西,23,黑龙江省,5567244
201601,410,巴西,31,上海市,734057961
201601,410,巴西,32,江苏省,1772957798
201601,410,巴西,33,浙江省,2453093697
201601,410,巴西,34,安徽省,182574082
201601,410,巴西,35,福建省,477262184
201601,410,巴西,36,江西省,149572761
201601,410,巴西,37,山东省,665865477
201601,410,巴西,41,河南省,190965993
201601,410,巴西,42,湖北省,200179038
201601,410,巴西,43,湖南省,50501598
201601,410,巴西,44,广东省,1982842426
201601,410,巴西,45,广西壮族自治区,19647714
201601,410,巴西,46,海南省,6484574
201601,410,巴西,50,重庆市,238971863
201601,410,巴西,51,四川省,123385678
201601,410,巴西,52,贵州省,23140186
201601,410,巴西,53,云南省,15254639
201601,410,巴西,61,陕西省,13931131
201601,410,巴西,62,甘肃省,19043166
201601,410,巴西,63,青海省,151579
201601,410,巴西,64,宁夏回族自治区,30569869
201601,410,巴西,65,新疆维吾尔自治区,9071994
201601,411,开曼群岛,11,北京市,11058
201601,411,开曼群岛,31,上海市,15491
201601,411,开曼群岛,32,江苏省,17963
201601,411,开曼群岛,33,浙江省,4022
201601,411,开曼群岛,35,福建省,537160
201601,411,开曼群岛,37,山东省,275984
201601,411,开曼群岛,44,广东省,285221
201601,412,智利,11,北京市,54316298
201601,412,智利,12,天津市,179628014
201601,412,智利,13,河北省,142712087
201601,412,智利,14,山西省,30818618
201601,412,智利,15,内蒙古自治区,4534493
201601,412,智利,21,辽宁省,112587376
201601,412,智利,22,吉林省,10811088
201601,412,智利,23,黑龙江省,30916235
201601,412,智利,31,上海市,317797620
201601,412,智利,32,江苏省,910899637
201601,412,智利,33,浙江省,1849792012
201601,412,智利,34,安徽省,189934547
201601,412,智利,35,福建省,741222993
201601,412,智利,36,江西省,274816444
201601,412,智利,37,山东省,478399087
201601,412,智利,41,河南省,96412248
201601,412,智利,42,湖北省,51192421
201601,412,智利,43,湖南省,25788428
201601,412,智利,44,广东省,1214222383
201601,412,智利,45,广西壮族自治区,18142415
201601,412,智利,46,海南省,5552444
201601,412,智利,50,重庆市,226322115
201601,412,智利,51,四川省,36264900
201601,412,智利,52,贵州省,8111033
201601,412,智利,53,云南省,11834216
201601,412,智利,54,西藏自治区,1565814
201601,412,智利,61,陕西省,20701698
201601,412,智利,62,甘肃省,17847831
201601,412,智利,64,宁夏回族自治区,2617086
201601,412,智利,65,新疆维吾尔自治区,1850138
201601,413,哥伦比亚,11,北京市,56132971
201601,413,哥伦比亚,12,天津市,80141910
201601,413,哥伦比亚,13,河北省,109472934
201601,413,哥伦比亚,14,山西省,19052994
201601,413,哥伦比亚,15,内蒙古自治区,4561680
201601,413,哥伦比亚,21,辽宁省,68091154
201601,413,哥伦比亚,22,吉林省,2051510
201601,413,哥伦比亚,23,黑龙江省,3791274
201601,413,哥伦比亚,31,上海市,233208350
201601,413,哥伦比亚,32,江苏省,583057268
201601,413,哥伦比亚,33,浙江省,925692459
201601,413,哥伦比亚,34,安徽省,141479056
201601,413,哥伦比亚,35,福建省,202665011
201601,413,哥伦比亚,36,江西省,29938174
201601,413,哥伦比亚,37,山东省,255695805
201601,413,哥伦比亚,41,河南省,89024058
201601,413,哥伦比亚,42,湖北省,31553299
201601,413,哥伦比亚,43,湖南省,14400193
201601,413,哥伦比亚,44,广东省,663706605
201601,413,哥伦比亚,45,广西壮族自治区,14485233
201601,413,哥伦比亚,46,海南省,2163680
201601,413,哥伦比亚,50,重庆市,98815699
201601,413,哥伦比亚,51,四川省,20586510
201601,413,哥伦比亚,52,贵州省,2890548
201601,413,哥伦比亚,53,云南省,1688709
201601,413,哥伦比亚,61,陕西省,5466954
201601,413,哥伦比亚,62,甘肃省,4963190
201601,413,哥伦比亚,64,宁夏回族自治区,426604
201601,413,哥伦比亚,65,新疆维吾尔自治区,5156629
201601,414,多米尼克,11,北京市,196700
201601,414,多米尼克,12,天津市,99316
201601,414,多米尼克,13,河北省,105095
201601,414,多米尼克,31,上海市,2360130
201601,414,多米尼克,32,江苏省,816275
201601,414,多米尼克,33,浙江省,9771546
201601,414,多米尼克,34,安徽省,97489
201601,414,多米尼克,35,福建省,278718
201601,414,多米尼克,36,江西省,117704
201601,414,多米尼克,37,山东省,785427
201601,414,多米尼克,42,湖北省,570
201601,414,多米尼克,44,广东省,2484816
201601,414,多米尼克,50,重庆市,109864
201601,414,多米尼克,51,四川省,217
201601,415,哥斯达黎加,11,北京市,3963120
201601,415,哥斯达黎加,12,天津市,25022847
201601,415,哥斯达黎加,13,河北省,6710430
201601,415,哥斯达黎加,14,山西省,1421580
201601,415,哥斯达黎加,15,内蒙古自治区,175115
201601,415,哥斯达黎加,21,辽宁省,10853788
201601,415,哥斯达黎加,22,吉林省,1352859
201601,415,哥斯达黎加,23,黑龙江省,874188
201601,415,哥斯达黎加,31,上海市,43052281
201601,415,哥斯达黎加,32,江苏省,132165164
201601,415,哥斯达黎加,33,浙江省,126533993
201601,415,哥斯达黎加,34,安徽省,10924845
201601,415,哥斯达黎加,35,福建省,21410192
201601,415,哥斯达黎加,36,江西省,11793880
201601,415,哥斯达黎加,37,山东省,93308724
201601,415,哥斯达黎加,41,河南省,2472160
201601,415,哥斯达黎加,42,湖北省,8232274
201601,415,哥斯达黎加,43,湖南省,3705047
201601,415,哥斯达黎加,44,广东省,133502665
201601,415,哥斯达黎加,45,广西壮族自治区,4750360
201601,415,哥斯达黎加,46,海南省,1161414
201601,415,哥斯达黎加,50,重庆市,29608554
201601,415,哥斯达黎加,51,四川省,5750721
201601,415,哥斯达黎加,52,贵州省,207360
201601,415,哥斯达黎加,53,云南省,1168136
201601,415,哥斯达黎加,61,陕西省,2226422
201601,415,哥斯达黎加,62,甘肃省,2197612
201601,415,哥斯达黎加,63,青海省,226450
201601,415,哥斯达黎加,65,新疆维吾尔自治区,131657
201601,416,古巴,11,北京市,322402100
201601,416,古巴,12,天津市,5998725
201601,416,古巴,13,河北省,5575099
201601,416,古巴,14,山西省,67094
201601,416,古巴,15,内蒙古自治区,587332
201601,416,古巴,21,辽宁省,28765000
201601,416,古巴,31,上海市,50886603
201601,416,古巴,32,江苏省,112580750
201601,416,古巴,33,浙江省,137183573
201601,416,古巴,34,安徽省,6651563
201601,416,古巴,35,福建省,48863030
201601,416,古巴,36,江西省,12485411
201601,416,古巴,37,山东省,104560551
201601,416,古巴,41,河南省,20850332
201601,416,古巴,42,湖北省,4166007
201601,416,古巴,43,湖南省,110625
201601,416,古巴,44,广东省,124438165
201601,416,古巴,50,重庆市,1025647
201601,416,古巴,52,贵州省,721847
201601,416,古巴,53,云南省,32256125
201601,416,古巴,61,陕西省,231041
201601,416,古巴,62,甘肃省,240573
201601,416,古巴,63,青海省,1454549
201601,417,库拉索,11,北京市,41
201601,417,库拉索,12,天津市,107835
201601,417,库拉索,13,河北省,37929
201601,417,库拉索,31,上海市,118547
201601,417,库拉索,32,江苏省,606604
201601,417,库拉索,33,浙江省,5323007
201601,417,库拉索,34,安徽省,524909
201601,417,库拉索,36,江西省,119103
201601,417,库拉索,37,山东省,335343
201601,417,库拉索,42,湖北省,161753
201601,417,库拉索,44,广东省,1323737
201601,417,库拉索,51,四川省,13397
201601,418,多米尼加,11,北京市,6388206
201601,418,多米尼加,12,天津市,7303718
201601,418,多米尼加,13,河北省,9112464
201601,418,多米尼加,14,山西省,222661
201601,418,多米尼加,15,内蒙古自治区,670521
201601,418,多米尼加,21,辽宁省,10585392
201601,418,多米尼加,22,吉林省,559368
201601,418,多米尼加,23,黑龙江省,556294
201601,418,多米尼加,31,上海市,40732131
201601,418,多米尼加,32,江苏省,64374247
201601,418,多米尼加,33,浙江省,209344487
201601,418,多米尼加,34,安徽省,9618792
201601,418,多米尼加,35,福建省,51985696
201601,418,多米尼加,36,江西省,10854613
201601,418,多米尼加,37,山东省,39637576
201601,418,多米尼加,41,河南省,52298306
201601,418,多米尼加,42,湖北省,14549729
201601,418,多米尼加,43,湖南省,3956840
201601,418,多米尼加,44,广东省,174237011
201601,418,多米尼加,45,广西壮族自治区,514613
201601,418,多米尼加,50,重庆市,24562474
201601,418,多米尼加,51,四川省,4756180
201601,418,多米尼加,52,贵州省,2454746
201601,418,多米尼加,53,云南省,474539
201601,418,多米尼加,61,陕西省,275166
201601,418,多米尼加,62,甘肃省,1915165
201601,418,多米尼加,64,宁夏回族自治区,52769
201601,418,多米尼加,65,新疆维吾尔自治区,71819
201601,419,厄瓜多尔,11,北京市,43579138
201601,419,厄瓜多尔,12,天津市,20021238
201601,419,厄瓜多尔,13,河北省,62399983
201601,419,厄瓜多尔,14,山西省,4383342
201601,419,厄瓜多尔,15,内蒙古自治区,2773138
201601,419,厄瓜多尔,21,辽宁省,17118802
201601,419,厄瓜多尔,22,吉林省,612294
201601,419,厄瓜多尔,23,黑龙江省,83159895
201601,419,厄瓜多尔,31,上海市,55430744
201601,419,厄瓜多尔,32,江苏省,113967881
201601,419,厄瓜多尔,33,浙江省,215721217
201601,419,厄瓜多尔,34,安徽省,19137995
201601,419,厄瓜多尔,35,福建省,41571644
201601,419,厄瓜多尔,36,江西省,10774884
201601,419,厄瓜多尔,37,山东省,73836697
201601,419,厄瓜多尔,41,河南省,18503730
201601,419,厄瓜多尔,42,湖北省,32432366
201601,419,厄瓜多尔,43,湖南省,10591590
201601,419,厄瓜多尔,44,广东省,171167302
201601,419,厄瓜多尔,45,广西壮族自治区,3929769
201601,419,厄瓜多尔,46,海南省,51438295
201601,419,厄瓜多尔,50,重庆市,14343470
201601,419,厄瓜多尔,51,四川省,7779395
201601,419,厄瓜多尔,52,贵州省,61976
201601,419,厄瓜多尔,53,云南省,5766766
201601,419,厄瓜多尔,61,陕西省,41514994
201601,419,厄瓜多尔,62,甘肃省,3618259
201601,419,厄瓜多尔,64,宁夏回族自治区,849651
201601,419,厄瓜多尔,65,新疆维吾尔自治区,327263
201601,420,法属圭亚那,11,北京市,1078
201601,420,法属圭亚那,12,天津市,4475
201601,420,法属圭亚那,13,河北省,275866
201601,420,法属圭亚那,31,上海市,155014
201601,420,法属圭亚那,32,江苏省,235100
201601,420,法属圭亚那,33,浙江省,1294640
201601,420,法属圭亚那,34,安徽省,143300
201601,420,法属圭亚那,35,福建省,190880
201601,420,法属圭亚那,37,山东省,981546
201601,420,法属圭亚那,44,广东省,1182182
201601,421,格林纳达,11,北京市,1326
201601,421,格林纳达,13,河北省,158765
201601,421,格林纳达,21,辽宁省,256294
201601,421,格林纳达,31,上海市,1054
201601,421,格林纳达,32,江苏省,133455
201601,421,格林纳达,33,浙江省,640106
201601,421,格林纳达,35,福建省,97986
201601,421,格林纳达,37,山东省,405800
201601,421,格林纳达,41,河南省,324293
201601,421,格林纳达,44,广东省,54802
201601,422,瓜德罗普,11,北京市,157
201601,422,瓜德罗普,12,天津市,15193
201601,422,瓜德罗普,13,河北省,477564
201601,422,瓜德罗普,21,辽宁省,1994
201601,422,瓜德罗普,31,上海市,597933
201601,422,瓜德罗普,32,江苏省,2650501
201601,422,瓜德罗普,33,浙江省,4955170
201601,422,瓜德罗普,34,安徽省,103623
201601,422,瓜德罗普,35,福建省,718750
201601,422,瓜德罗普,36,江西省,44522
201601,422,瓜德罗普,37,山东省,981918
201601,422,瓜德罗普,42,湖北省,397553
201601,422,瓜德罗普,44,广东省,7295928
201601,422,瓜德罗普,50,重庆市,351303
201601,422,瓜德罗普,51,四川省,90864
201601,422,瓜德罗普,53,云南省,102594
201601,423,危地马拉,11,北京市,21590398
201601,423,危地马拉,12,天津市,9283431
201601,423,危地马拉,13,河北省,13619120
201601,423,危地马拉,14,山西省,3416258
201601,423,危地马拉,15,内蒙古自治区,1102943
201601,423,危地马拉,21,辽宁省,12142443
201601,423,危地马拉,22,吉林省,576648
201601,423,危地马拉,23,黑龙江省,555977
201601,423,危地马拉,31,上海市,48459050
201601,423,危地马拉,32,江苏省,141743037
201601,423,危地马拉,33,浙江省,278231382
201601,423,危地马拉,34,安徽省,14012495
201601,423,危地马拉,35,福建省,75166938
201601,423,危地马拉,36,江西省,10670154
201601,423,危地马拉,37,山东省,68135068
201601,423,危地马拉,41,河南省,3724599
201601,423,危地马拉,42,湖北省,2749966
201601,423,危地马拉,43,湖南省,7267459
201601,423,危地马拉,44,广东省,153189563
201601,423,危地马拉,45,广西壮族自治区,670704
201601,423,危地马拉,46,海南省,110168
201601,423,危地马拉,50,重庆市,22660240
201601,423,危地马拉,51,四川省,4928782
201601,423,危地马拉,52,贵州省,547334
201601,423,危地马拉,53,云南省,3155347
201601,423,危地马拉,61,陕西省,4732211
201601,423,危地马拉,62,甘肃省,2046301
201601,423,危地马拉,64,宁夏回族自治区,243541
201601,423,危地马拉,65,新疆维吾尔自治区,172976
201601,424,圭亚那,11,北京市,3855824
201601,424,圭亚那,12,天津市,2097806
201601,424,圭亚那,13,河北省,7141150
201601,424,圭亚那,21,辽宁省,94228
201601,424,圭亚那,31,上海市,2881619
201601,424,圭亚那,32,江苏省,6393136
201601,424,圭亚那,33,浙江省,24613946
201601,424,圭亚那,34,安徽省,740090
201601,424,圭亚那,35,福建省,2563364
201601,424,圭亚那,36,江西省,633062
201601,424,圭亚那,37,山东省,13469033
201601,424,圭亚那,41,河南省,914855
201601,424,圭亚那,42,湖北省,292123
201601,424,圭亚那,43,湖南省,1807074
201601,424,圭亚那,44,广东省,9478753
201601,424,圭亚那,50,重庆市,2375379
201601,424,圭亚那,51,四川省,308899
201601,424,圭亚那,53,云南省,153435
201601,424,圭亚那,62,甘肃省,482110
201601,425,海地,11,北京市,1173627
201601,425,海地,12,天津市,8977883
201601,425,海地,13,河北省,6467467
201601,425,海地,21,辽宁省,490452
201601,425,海地,31,上海市,5940434
201601,425,海地,32,江苏省,23027582
201601,425,海地,33,浙江省,47261362
201601,425,海地,34,安徽省,2221380
201601,425,海地,35,福建省,9373232
201601,425,海地,36,江西省,3345844
201601,425,海地,37,山东省,21824130
201601,425,海地,41,河南省,3611921
201601,425,海地,42,湖北省,1230127
201601,425,海地,43,湖南省,236338
201601,425,海地,44,广东省,46477296
201601,425,海地,50,重庆市,1935359
201601,425,海地,51,四川省,1949374
201601,425,海地,52,贵州省,2908
201601,425,海地,53,云南省,1596688
201601,425,海地,61,陕西省,25818
201601,425,海地,62,甘肃省,436620
201601,425,海地,65,新疆维吾尔自治区,1624352
201601,426,洪都拉斯,11,北京市,5141300
201601,426,洪都拉斯,12,天津市,1835928
201601,426,洪都拉斯,13,河北省,9036580
201601,426,洪都拉斯,14,山西省,474847
201601,426,洪都拉斯,15,内蒙古自治区,1704232
201601,426,洪都拉斯,21,辽宁省,955329
201601,426,洪都拉斯,22,吉林省,1245913
201601,426,洪都拉斯,23,黑龙江省,325631
201601,426,洪都拉斯,31,上海市,24392936
201601,426,洪都拉斯,32,江苏省,36446741
201601,426,洪都拉斯,33,浙江省,94807584
201601,426,洪都拉斯,34,安徽省,3973598
201601,426,洪都拉斯,35,福建省,17521126
201601,426,洪都拉斯,36,江西省,3746657
201601,426,洪都拉斯,37,山东省,86568306
201601,426,洪都拉斯,41,河南省,1006685
201601,426,洪都拉斯,42,湖北省,1161714
201601,426,洪都拉斯,43,湖南省,247189
201601,426,洪都拉斯,44,广东省,80767674
201601,426,洪都拉斯,45,广西壮族自治区,17985
201601,426,洪都拉斯,50,重庆市,14710892
201601,426,洪都拉斯,51,四川省,782993
201601,426,洪都拉斯,52,贵州省,479815
201601,426,洪都拉斯,53,云南省,50021
201601,426,洪都拉斯,61,陕西省,41961634
201601,426,洪都拉斯,62,甘肃省,3271602
201601,426,洪都拉斯,64,宁夏回族自治区,99011
201601,427,牙买加,11,北京市,1353082
201601,427,牙买加,12,天津市,775457
201601,427,牙买加,13,河北省,1474616
201601,427,牙买加,14,山西省,378755
201601,427,牙买加,15,内蒙古自治区,147041
201601,427,牙买加,21,辽宁省,835601
201601,427,牙买加,22,吉林省,784198
201601,427,牙买加,31,上海市,4764042
201601,427,牙买加,32,江苏省,12861680
201601,427,牙买加,33,浙江省,63194256
201601,427,牙买加,34,安徽省,7469563
201601,427,牙买加,35,福建省,6658476
201601,427,牙买加,36,江西省,7500889
201601,427,牙买加,37,山东省,22121265
201601,427,牙买加,41,河南省,1051216
201601,427,牙买加,42,湖北省,860876
201601,427,牙买加,43,湖南省,1836528
201601,427,牙买加,44,广东省,72572764
201601,427,牙买加,45,广西壮族自治区,543496
201601,427,牙买加,50,重庆市,6267759
201601,427,牙买加,51,四川省,179461
201601,427,牙买加,52,贵州省,268456
201601,427,牙买加,53,云南省,96559
201601,427,牙买加,61,陕西省,170613
201601,427,牙买加,62,甘肃省,4132211
201601,427,牙买加,65,新疆维吾尔自治区,295150
201601,428,马提尼克,11,北京市,1099
201601,428,马提尼克,12,天津市,1648
201601,428,马提尼克,13,河北省,230189
201601,428,马提尼克,21,辽宁省,2590
201601,428,马提尼克,31,上海市,439401
201601,428,马提尼克,32,江苏省,493393
201601,428,马提尼克,33,浙江省,2633148
201601,428,马提尼克,34,安徽省,89844
201601,428,马提尼克,35,福建省,190300
201601,428,马提尼克,37,山东省,1863377
201601,428,马提尼克,41,河南省,536721
201601,428,马提尼克,42,湖北省,1716
201601,428,马提尼克,44,广东省,3046764
201601,428,马提尼克,50,重庆市,224945
201601,429,墨西哥,11,北京市,301930697
201601,429,墨西哥,12,天津市,725703263
201601,429,墨西哥,13,河北省,210992365
201601,429,墨西哥,14,山西省,170599565
201601,429,墨西哥,15,内蒙古自治区,19143611
201601,429,墨西哥,21,辽宁省,188142832
201601,429,墨西哥,22,吉林省,20681274
201601,429,墨西哥,23,黑龙江省,12951508
201601,429,墨西哥,31,上海市,1238862494
201601,429,墨西哥,32,江苏省,2713287402
201601,429,墨西哥,33,浙江省,2958251155
201601,429,墨西哥,34,安徽省,255656937
201601,429,墨西哥,35,福建省,929760841
201601,429,墨西哥,36,江西省,121434510
201601,429,墨西哥,37,山东省,980614832
201601,429,墨西哥,41,河南省,172503229
201601,429,墨西哥,42,湖北省,497154681
201601,429,墨西哥,43,湖南省,84308671
201601,429,墨西哥,44,广东省,4119110090
201601,429,墨西哥,45,广西壮族自治区,25909340
201601,429,墨西哥,46,海南省,57302415
201601,429,墨西哥,50,重庆市,515350969
201601,429,墨西哥,51,四川省,79088209
201601,429,墨西哥,52,贵州省,10598611
201601,429,墨西哥,53,云南省,22856624
201601,429,墨西哥,61,陕西省,88904334
201601,429,墨西哥,62,甘肃省,24426616
201601,429,墨西哥,63,青海省,40421
201601,429,墨西哥,64,宁夏回族自治区,8663125
201601,429,墨西哥,65,新疆维吾尔自治区,9542489
201601,430,蒙特塞拉特,31,上海市,8951
201601,430,蒙特塞拉特,32,江苏省,987
201601,430,蒙特塞拉特,44,广东省,194
201601,431,尼加拉瓜,11,北京市,2289606
201601,431,尼加拉瓜,12,天津市,4861133
201601,431,尼加拉瓜,13,河北省,2402209
201601,431,尼加拉瓜,14,山西省,151562
201601,431,尼加拉瓜,15,内蒙古自治区,29890
201601,431,尼加拉瓜,21,辽宁省,2114237
201601,431,尼加拉瓜,22,吉林省,80226
201601,431,尼加拉瓜,31,上海市,10635328
201601,431,尼加拉瓜,32,江苏省,62741382
201601,431,尼加拉瓜,33,浙江省,72964325
201601,431,尼加拉瓜,34,安徽省,3136619
201601,431,尼加拉瓜,35,福建省,8543797
201601,431,尼加拉瓜,36,江西省,3183080
201601,431,尼加拉瓜,37,山东省,27101452
201601,431,尼加拉瓜,41,河南省,3501261
201601,431,尼加拉瓜,42,湖北省,381903
201601,431,尼加拉瓜,43,湖南省,4566145
201601,431,尼加拉瓜,44,广东省,82137244
201601,431,尼加拉瓜,45,广西壮族自治区,38936
201601,431,尼加拉瓜,50,重庆市,358177206
201601,431,尼加拉瓜,51,四川省,521813
201601,431,尼加拉瓜,52,贵州省,66965
201601,431,尼加拉瓜,53,云南省,1316122
201601,431,尼加拉瓜,61,陕西省,631897
201601,431,尼加拉瓜,62,甘肃省,1507235
201601,431,尼加拉瓜,64,宁夏回族自治区,153164
201601,431,尼加拉瓜,65,新疆维吾尔自治区,85772
201601,432,巴拿马,11,北京市,80408166
201601,432,巴拿马,12,天津市,56299172
201601,432,巴拿马,13,河北省,7771016
201601,432,巴拿马,14,山西省,648793
201601,432,巴拿马,15,内蒙古自治区,800403
201601,432,巴拿马,21,辽宁省,30905170
201601,432,巴拿马,22,吉林省,40806
201601,432,巴拿马,23,黑龙江省,284232
201601,432,巴拿马,31,上海市,150299810
201601,432,巴拿马,32,江苏省,128782022
201601,432,巴拿马,33,浙江省,758589854
201601,432,巴拿马,34,安徽省,220172943
201601,432,巴拿马,35,福建省,253161914
201601,432,巴拿马,36,江西省,62785924
201601,432,巴拿马,37,山东省,132325241
201601,432,巴拿马,41,河南省,16228914
201601,432,巴拿马,42,湖北省,28487344
201601,432,巴拿马,43,湖南省,30935413
201601,432,巴拿马,44,广东省,992109331
201601,432,巴拿马,45,广西壮族自治区,7515493
201601,432,巴拿马,46,海南省,52347
201601,432,巴拿马,50,重庆市,135266953
201601,432,巴拿马,51,四川省,13543507
201601,432,巴拿马,52,贵州省,2050691
201601,432,巴拿马,53,云南省,3537729
201601,432,巴拿马,61,陕西省,5027045
201601,432,巴拿马,62,甘肃省,6711291
201601,432,巴拿马,64,宁夏回族自治区,128553
201601,433,巴拉圭,11,北京市,6288064
201601,433,巴拉圭,12,天津市,5453295
201601,433,巴拉圭,13,河北省,9720283
201601,433,巴拉圭,15,内蒙古自治区,340390
201601,433,巴拉圭,21,辽宁省,4941174
201601,433,巴拉圭,22,吉林省,86761
201601,433,巴拉圭,23,黑龙江省,601011
201601,433,巴拉圭,31,上海市,20783399
201601,433,巴拉圭,32,江苏省,57031495
201601,433,巴拉圭,33,浙江省,99998075
201601,433,巴拉圭,34,安徽省,20046607
201601,433,巴拉圭,35,福建省,10013090
201601,433,巴拉圭,36,江西省,5332025
201601,433,巴拉圭,37,山东省,40846020
201601,433,巴拉圭,41,河南省,5419689
201601,433,巴拉圭,42,湖北省,9603261
201601,433,巴拉圭,43,湖南省,1591778
201601,433,巴拉圭,44,广东省,107707037
201601,433,巴拉圭,45,广西壮族自治区,1657006
201601,433,巴拉圭,46,海南省,435583
201601,433,巴拉圭,50,重庆市,17587723
201601,433,巴拉圭,51,四川省,1815034
201601,433,巴拉圭,52,贵州省,360196
201601,433,巴拉圭,53,云南省,1401736
201601,433,巴拉圭,61,陕西省,977413
201601,433,巴拉圭,62,甘肃省,287372
201601,433,巴拉圭,65,新疆维吾尔自治区,65391
201601,434,秘鲁,11,北京市,79202201
201601,434,秘鲁,12,天津市,65676393
201601,434,秘鲁,13,河北省,116658810
201601,434,秘鲁,14,山西省,3296532
201601,434,秘鲁,15,内蒙古自治区,9108168
201601,434,秘鲁,21,辽宁省,52445505
201601,434,秘鲁,22,吉林省,3448648
201601,434,秘鲁,23,黑龙江省,1055469
201601,434,秘鲁,31,上海市,142025519
201601,434,秘鲁,32,江苏省,420473561
201601,434,秘鲁,33,浙江省,731911169
201601,434,秘鲁,34,安徽省,60009384
201601,434,秘鲁,35,福建省,165689980
201601,434,秘鲁,36,江西省,43730396
201601,434,秘鲁,37,山东省,221645973
201601,434,秘鲁,41,河南省,95757124
201601,434,秘鲁,42,湖北省,65051680
201601,434,秘鲁,43,湖南省,35035011
201601,434,秘鲁,44,广东省,674246039
201601,434,秘鲁,45,广西壮族自治区,6680440
201601,434,秘鲁,46,海南省,2701496
201601,434,秘鲁,50,重庆市,191733011
201601,434,秘鲁,51,四川省,20987960
201601,434,秘鲁,52,贵州省,3854148
201601,434,秘鲁,53,云南省,13587857
201601,434,秘鲁,54,西藏自治区,1451
201601,434,秘鲁,61,陕西省,3539058
201601,434,秘鲁,62,甘肃省,16206192
201601,434,秘鲁,64,宁夏回族自治区,745846
201601,434,秘鲁,65,新疆维吾尔自治区,2725455
201601,435,波多黎各,11,北京市,1290821
201601,435,波多黎各,12,天津市,1111497
201601,435,波多黎各,13,河北省,3534954
201601,435,波多黎各,15,内蒙古自治区,147041
201601,435,波多黎各,21,辽宁省,12168180
201601,435,波多黎各,22,吉林省,386706
201601,435,波多黎各,23,黑龙江省,282812
201601,435,波多黎各,31,上海市,18760442
201601,435,波多黎各,32,江苏省,27972397
201601,435,波多黎各,33,浙江省,58007015
201601,435,波多黎各,34,安徽省,13239224
201601,435,波多黎各,35,福建省,26744983
201601,435,波多黎各,36,江西省,1019222
201601,435,波多黎各,37,山东省,15588727
201601,435,波多黎各,41,河南省,5153137
201601,435,波多黎各,42,湖北省,1684742
201601,435,波多黎各,43,湖南省,8538
201601,435,波多黎各,44,广东省,72485515
201601,435,波多黎各,45,广西壮族自治区,2032933
201601,435,波多黎各,50,重庆市,1029905
201601,435,波多黎各,51,四川省,1120085
201601,435,波多黎各,53,云南省,255584
201601,435,波多黎各,61,陕西省,249093
201601,435,波多黎各,62,甘肃省,628120
201601,437,圣卢西亚,11,北京市,25
201601,437,圣卢西亚,13,河北省,256550
201601,437,圣卢西亚,21,辽宁省,21695
201601,437,圣卢西亚,31,上海市,12152
201601,437,圣卢西亚,32,江苏省,389458
201601,437,圣卢西亚,33,浙江省,6351400
201601,437,圣卢西亚,34,安徽省,35719
201601,437,圣卢西亚,35,福建省,2470
201601,437,圣卢西亚,36,江西省,33502
201601,437,圣卢西亚,37,山东省,841822
201601,437,圣卢西亚,41,河南省,18742
201601,437,圣卢西亚,44,广东省,2900515
201601,437,圣卢西亚,53,云南省,132341
201601,438,法属圣马丁,31,上海市,20943
201601,438,法属圣马丁,33,浙江省,85694
201601,438,法属圣马丁,37,山东省,105333
201601,438,法属圣马丁,44,广东省,1422693
201601,438,法属圣马丁,51,四川省,192673
201601,439,圣文森特和格林纳丁斯,11,北京市,581
201601,439,圣文森特和格林纳丁斯,13,河北省,162539
201601,439,圣文森特和格林纳丁斯,31,上海市,1481624
201601,439,圣文森特和格林纳丁斯,32,江苏省,780933
201601,439,圣文森特和格林纳丁斯,33,浙江省,1195876
201601,439,圣文森特和格林纳丁斯,34,安徽省,187602
201601,439,圣文森特和格林纳丁斯,35,福建省,212135
201601,439,圣文森特和格林纳丁斯,37,山东省,790026
201601,439,圣文森特和格林纳丁斯,41,河南省,4401
201601,439,圣文森特和格林纳丁斯,42,湖北省,203321
201601,439,圣文森特和格林纳丁斯,44,广东省,292931
201601,440,萨尔瓦多,11,北京市,2625449
201601,440,萨尔瓦多,12,天津市,4031998
201601,440,萨尔瓦多,13,河北省,11073003
201601,440,萨尔瓦多,14,山西省,30279
201601,440,萨尔瓦多,15,内蒙古自治区,1040426
201601,440,萨尔瓦多,21,辽宁省,1514255
201601,440,萨尔瓦多,23,黑龙江省,270281
201601,440,萨尔瓦多,31,上海市,62493722
201601,440,萨尔瓦多,32,江苏省,45451509
201601,440,萨尔瓦多,33,浙江省,99615572
201601,440,萨尔瓦多,34,安徽省,9753547
201601,440,萨尔瓦多,35,福建省,27969060
201601,440,萨尔瓦多,36,江西省,4998328
201601,440,萨尔瓦多,37,山东省,25421854
201601,440,萨尔瓦多,41,河南省,540335
201601,440,萨尔瓦多,42,湖北省,17733316
201601,440,萨尔瓦多,43,湖南省,1363112
201601,440,萨尔瓦多,44,广东省,70212088
201601,440,萨尔瓦多,45,广西壮族自治区,5573008
201601,440,萨尔瓦多,50,重庆市,19598932
201601,440,萨尔瓦多,51,四川省,3497759
201601,440,萨尔瓦多,52,贵州省,436213
201601,440,萨尔瓦多,53,云南省,105502
201601,440,萨尔瓦多,61,陕西省,28174
201601,440,萨尔瓦多,62,甘肃省,103188
201601,440,萨尔瓦多,64,宁夏回族自治区,9694
201601,441,苏里南,11,北京市,1439459
201601,441,苏里南,12,天津市,369709
201601,441,苏里南,13,河北省,362614
201601,441,苏里南,21,辽宁省,237727
201601,441,苏里南,22,吉林省,465016
201601,441,苏里南,31,上海市,1330237
201601,441,苏里南,32,江苏省,4989093
201601,441,苏里南,33,浙江省,17779496
201601,441,苏里南,34,安徽省,1793056
201601,441,苏里南,35,福建省,5120245
201601,441,苏里南,36,江西省,860217
201601,441,苏里南,37,山东省,4389342
201601,441,苏里南,41,河南省,465850
201601,441,苏里南,44,广东省,17470607
201601,441,苏里南,50,重庆市,1500763
201601,441,苏里南,51,四川省,170613
201601,441,苏里南,52,贵州省,464934
201601,441,苏里南,53,云南省,120415
201601,441,苏里南,54,西藏自治区,12293
201601,441,苏里南,62,甘肃省,1029051
201601,441,苏里南,65,新疆维吾尔自治区,417381
201601,442,特立尼达和多巴哥,11,北京市,2244278
201601,442,特立尼达和多巴哥,12,天津市,1059324
201601,442,特立尼达和多巴哥,13,河北省,15392105
201601,442,特立尼达和多巴哥,14,山西省,645826
201601,442,特立尼达和多巴哥,21,辽宁省,3303895
201601,442,特立尼达和多巴哥,22,吉林省,85138
201601,442,特立尼达和多巴哥,23,黑龙江省,235088
201601,442,特立尼达和多巴哥,31,上海市,7686038
201601,442,特立尼达和多巴哥,32,江苏省,10948040
201601,442,特立尼达和多巴哥,33,浙江省,30171996
201601,442,特立尼达和多巴哥,34,安徽省,3815195
201601,442,特立尼达和多巴哥,35,福建省,6311219
201601,442,特立尼达和多巴哥,36,江西省,2017261
201601,442,特立尼达和多巴哥,37,山东省,20644740
201601,442,特立尼达和多巴哥,41,河南省,45047
201601,442,特立尼达和多巴哥,42,湖北省,20191
201601,442,特立尼达和多巴哥,43,湖南省,381468
201601,442,特立尼达和多巴哥,44,广东省,27537945
201601,442,特立尼达和多巴哥,45,广西壮族自治区,128218
201601,442,特立尼达和多巴哥,50,重庆市,934279
201601,442,特立尼达和多巴哥,51,四川省,10265040
201601,442,特立尼达和多巴哥,52,贵州省,1163
201601,442,特立尼达和多巴哥,53,云南省,224535
201601,442,特立尼达和多巴哥,61,陕西省,1429469
201601,442,特立尼达和多巴哥,62,甘肃省,2052267
201601,443,特克斯和凯科斯群岛,11,北京市,2
201601,443,特克斯和凯科斯群岛,31,上海市,401184
201601,443,特克斯和凯科斯群岛,33,浙江省,168018
201601,443,特克斯和凯科斯群岛,34,安徽省,138608
201601,443,特克斯和凯科斯群岛,44,广东省,18958
201601,443,特克斯和凯科斯群岛,50,重庆市,45582
201601,444,乌拉圭,11,北京市,3539462
201601,444,乌拉圭,12,天津市,18052470
201601,444,乌拉圭,13,河北省,16331534
201601,444,乌拉圭,14,山西省,981596
201601,444,乌拉圭,15,内蒙古自治区,91130
201601,444,乌拉圭,21,辽宁省,9922444
201601,444,乌拉圭,22,吉林省,981387
201601,444,乌拉圭,23,黑龙江省,637364
201601,444,乌拉圭,31,上海市,45017356
201601,444,乌拉圭,32,江苏省,149151727
201601,444,乌拉圭,33,浙江省,212812310
201601,444,乌拉圭,34,安徽省,18959838
201601,444,乌拉圭,35,福建省,68641902
201601,444,乌拉圭,36,江西省,25111933
201601,444,乌拉圭,37,山东省,72688769
201601,444,乌拉圭,41,河南省,9728338
201601,444,乌拉圭,42,湖北省,12535343
201601,444,乌拉圭,43,湖南省,3051107
201601,444,乌拉圭,44,广东省,162245297
201601,444,乌拉圭,45,广西壮族自治区,214918
201601,444,乌拉圭,46,海南省,302567
201601,444,乌拉圭,50,重庆市,19289977
201601,444,乌拉圭,51,四川省,8530417
201601,444,乌拉圭,52,贵州省,433515
201601,444,乌拉圭,53,云南省,1429903
201601,444,乌拉圭,61,陕西省,4800381
201601,444,乌拉圭,62,甘肃省,1015639
201601,444,乌拉圭,64,宁夏回族自治区,1179893
201601,444,乌拉圭,65,新疆维吾尔自治区,137106
201601,445,委内瑞拉,11,北京市,603156826
201601,445,委内瑞拉,12,天津市,133251362
201601,445,委内瑞拉,13,河北省,9254564
201601,445,委内瑞拉,14,山西省,875392
201601,445,委内瑞拉,21,辽宁省,154748336
201601,445,委内瑞拉,22,吉林省,125296
201601,445,委内瑞拉,23,黑龙江省,98167
201601,445,委内瑞拉,31,上海市,507801849
201601,445,委内瑞拉,32,江苏省,76599967
201601,445,委内瑞拉,33,浙江省,127592934
201601,445,委内瑞拉,34,安徽省,17931741
201601,445,委内瑞拉,35,福建省,19697788
201601,445,委内瑞拉,36,江西省,12809910
201601,445,委内瑞拉,37,山东省,82789103
201601,445,委内瑞拉,41,河南省,41745447
201601,445,委内瑞拉,42,湖北省,24144087
201601,445,委内瑞拉,43,湖南省,2477489
201601,445,委内瑞拉,44,广东省,283998302
201601,445,委内瑞拉,45,广西壮族自治区,1186550
201601,445,委内瑞拉,50,重庆市,14652548
201601,445,委内瑞拉,51,四川省,4486050
201601,445,委内瑞拉,52,贵州省,230559
201601,445,委内瑞拉,53,云南省,688370
201601,445,委内瑞拉,61,陕西省,2663683
201601,445,委内瑞拉,62,甘肃省,1887652
201601,445,委内瑞拉,64,宁夏回族自治区,1202826
201601,445,委内瑞拉,65,新疆维吾尔自治区,839977
201601,446,英属维尔京群岛,11,北京市,178005
201601,446,英属维尔京群岛,31,上海市,1113
201601,446,英属维尔京群岛,32,江苏省,295743
201601,446,英属维尔京群岛,33,浙江省,218099
201601,446,英属维尔京群岛,36,江西省,40559
201601,446,英属维尔京群岛,37,山东省,120378
201601,446,英属维尔京群岛,44,广东省,83384
201601,446,英属维尔京群岛,50,重庆市,1137406
201601,447,圣基茨和尼维斯,11,北京市,40
201601,447,圣基茨和尼维斯,31,上海市,580
201601,447,圣基茨和尼维斯,32,江苏省,85492
201601,447,圣基茨和尼维斯,33,浙江省,5419
201601,447,圣基茨和尼维斯,35,福建省,11517
201601,447,圣基茨和尼维斯,36,江西省,22433
201601,447,圣基茨和尼维斯,37,山东省,120378
201601,447,圣基茨和尼维斯,44,广东省,2660
201601,447,圣基茨和尼维斯,51,四川省,25
201601,448,圣皮埃尔和密克隆(2023年起停...,31,上海市,220
201601,449,博纳尔圣俄斯塔休斯和萨巴,11,北京市,606
201601,449,博纳尔圣俄斯塔休斯和萨巴,13,河北省,86625
201601,449,博纳尔圣俄斯塔休斯和萨巴,21,辽宁省,583023
201601,449,博纳尔圣俄斯塔休斯和萨巴,22,吉林省,155632
201601,449,博纳尔圣俄斯塔休斯和萨巴,31,上海市,2907
201601,449,博纳尔圣俄斯塔休斯和萨巴,32,江苏省,1094381
201601,449,博纳尔圣俄斯塔休斯和萨巴,33,浙江省,1853776
201601,449,博纳尔圣俄斯塔休斯和萨巴,34,安徽省,883074
201601,449,博纳尔圣俄斯塔休斯和萨巴,35,福建省,106639
201601,449,博纳尔圣俄斯塔休斯和萨巴,36,江西省,1087869
201601,449,博纳尔圣俄斯塔休斯和萨巴,37,山东省,1315357
201601,449,博纳尔圣俄斯塔休斯和萨巴,41,河南省,3003171
201601,449,博纳尔圣俄斯塔休斯和萨巴,44,广东省,15538051
201601,449,博纳尔圣俄斯塔休斯和萨巴,53,云南省,60743
201601,449,博纳尔圣俄斯塔休斯和萨巴,61,陕西省,89878
201601,499,拉丁美洲其他国家(地区),11,北京市,451
201601,499,拉丁美洲其他国家(地区),31,上海市,10405
201601,499,拉丁美洲其他国家(地区),37,山东省,115810
201601,499,拉丁美洲其他国家(地区),44,广东省,8610
201601,501,加拿大,11,北京市,147436032
201601,501,加拿大,12,天津市,211949125
201601,501,加拿大,13,河北省,206491248
201601,501,加拿大,14,山西省,167628718
201601,501,加拿大,15,内蒙古自治区,7716060
201601,501,加拿大,21,辽宁省,365188106
201601,501,加拿大,22,吉林省,34999228
201601,501,加拿大,23,黑龙江省,28597173
201601,501,加拿大,31,上海市,1013516418
201601,501,加拿大,32,江苏省,2406390582
201601,501,加拿大,33,浙江省,2367424596
201601,501,加拿大,34,安徽省,251538489
201601,501,加拿大,35,福建省,814847040
201601,501,加拿大,36,江西省,128393044
201601,501,加拿大,37,山东省,994896265
201601,501,加拿大,41,河南省,384806547
201601,501,加拿大,42,湖北省,77739957
201601,501,加拿大,43,湖南省,113844493
201601,501,加拿大,44,广东省,3400105531
201601,501,加拿大,45,广西壮族自治区,45295884
201601,501,加拿大,46,海南省,14980256
201601,501,加拿大,50,重庆市,374836022
201601,501,加拿大,51,四川省,52185682
201601,501,加拿大,52,贵州省,15637368
201601,501,加拿大,53,云南省,13174274
201601,501,加拿大,61,陕西省,47994780
201601,501,加拿大,62,甘肃省,14785558
201601,501,加拿大,63,青海省,8464352
201601,501,加拿大,64,宁夏回族自治区,5904076
201601,501,加拿大,65,新疆维吾尔自治区,19836810
201601,502,美国,11,北京市,2024639287
201601,502,美国,12,天津市,3396945101
201601,502,美国,13,河北省,2126532447
201601,502,美国,14,山西省,750334637
201601,502,美国,15,内蒙古自治区,92849061
201601,502,美国,21,辽宁省,2524830342
201601,502,美国,22,吉林省,195431275
201601,502,美国,23,黑龙江省,167660024
201601,502,美国,31,上海市,23141319494
201601,502,美国,32,江苏省,36204621051
201601,502,美国,33,浙江省,26941721017
201601,502,美国,34,安徽省,2388316574
201601,502,美国,35,福建省,12059603866
201601,502,美国,36,江西省,2426641017
201601,502,美国,37,山东省,11578683985
201601,502,美国,41,河南省,6479777336
201601,502,美国,42,湖北省,1498110900
201601,502,美国,43,湖南省,1076143056
201601,502,美国,44,广东省,52916930984
201601,502,美国,45,广西壮族自治区,596687324
201601,502,美国,46,海南省,223431019
201601,502,美国,50,重庆市,6308531155
201601,502,美国,51,四川省,2515542272
201601,502,美国,52,贵州省,208473352
201601,502,美国,53,云南省,171532538
201601,502,美国,61,陕西省,1360763149
201601,502,美国,62,甘肃省,180684624
201601,502,美国,63,青海省,5563992
201601,502,美国,64,宁夏回族自治区,60955194
201601,502,美国,65,新疆维吾尔自治区,45419068
201601,503,格陵兰,31,上海市,42067
201601,503,格陵兰,32,江苏省,86774
201601,503,格陵兰,33,浙江省,226
201601,503,格陵兰,44,广东省,1602
201601,504,百慕大,11,北京市,175
201601,504,百慕大,31,上海市,11384
201601,504,百慕大,32,江苏省,164944868
201601,504,百慕大,33,浙江省,52
201601,504,百慕大,34,安徽省,281
201601,504,百慕大,35,福建省,130350
201601,504,百慕大,42,湖北省,628165
201601,504,百慕大,44,广东省,226090562
201601,599,北美洲其他国家(地区),11,北京市,985
201601,599,北美洲其他国家(地区),31,上海市,6395
201601,599,北美洲其他国家(地区),42,湖北省,6
201601,599,北美洲其他国家(地区),44,广东省,15493
201601,599,北美洲其他国家(地区),51,四川省,593
201601,601,澳大利亚,11,北京市,678115216
201601,601,澳大利亚,12,天津市,576264971
201601,601,澳大利亚,13,河北省,268482494
201601,601,澳大利亚,14,山西省,91809923
201601,601,澳大利亚,15,内蒙古自治区,17558384
201601,601,澳大利亚,21,辽宁省,304171418
201601,601,澳大利亚,22,吉林省,17644097
201601,601,澳大利亚,23,黑龙江省,301936089
201601,601,澳大利亚,31,上海市,2486093410
201601,601,澳大利亚,32,江苏省,3298454762
201601,601,澳大利亚,33,浙江省,3204750868
201601,601,澳大利亚,34,安徽省,206991539
201601,601,澳大利亚,35,福建省,1039243658
201601,601,澳大利亚,36,江西省,198777509
201601,601,澳大利亚,37,山东省,1388270026
201601,601,澳大利亚,41,河南省,404275974
201601,601,澳大利亚,42,湖北省,156652035
201601,601,澳大利亚,43,湖南省,80040160
201601,601,澳大利亚,44,广东省,4689562157
201601,601,澳大利亚,45,广西壮族自治区,265328740
201601,601,澳大利亚,46,海南省,53907823
201601,601,澳大利亚,50,重庆市,747809166
201601,601,澳大利亚,51,四川省,227171125
201601,601,澳大利亚,52,贵州省,99224019
201601,601,澳大利亚,53,云南省,79147666
201601,601,澳大利亚,61,陕西省,55617429
201601,601,澳大利亚,62,甘肃省,24754753
201601,601,澳大利亚,63,青海省,3411054
201601,601,澳大利亚,64,宁夏回族自治区,4337112
201601,601,澳大利亚,65,新疆维吾尔自治区,10165528
201601,602,库克群岛,11,北京市,5
201601,602,库克群岛,12,天津市,264860
201601,602,库克群岛,21,辽宁省,1996815
201601,602,库克群岛,31,上海市,1243
201601,602,库克群岛,33,浙江省,42738
201601,602,库克群岛,35,福建省,3005
201601,602,库克群岛,37,山东省,281951
201601,602,库克群岛,41,河南省,672905
201601,602,库克群岛,44,广东省,6020
201601,602,库克群岛,51,四川省,13959
201601,603,斐济,11,北京市,4733888
201601,603,斐济,12,天津市,1043872
201601,603,斐济,13,河北省,4029263
201601,603,斐济,15,内蒙古自治区,140924
201601,603,斐济,21,辽宁省,4682363
201601,603,斐济,22,吉林省,13571
201601,603,斐济,23,黑龙江省,19388
201601,603,斐济,31,上海市,7100372
201601,603,斐济,32,江苏省,6786594
201601,603,斐济,33,浙江省,24634100
201601,603,斐济,34,安徽省,2382581
201601,603,斐济,35,福建省,20926335
201601,603,斐济,36,江西省,2613573
201601,603,斐济,37,山东省,20525316
201601,603,斐济,41,河南省,470982
201601,603,斐济,42,湖北省,8835270
201601,603,斐济,44,广东省,71225008
201601,603,斐济,45,广西壮族自治区,215698
201601,603,斐济,50,重庆市,7422266
201601,603,斐济,51,四川省,424436
201601,603,斐济,52,贵州省,2549373
201601,603,斐济,53,云南省,762032
201601,603,斐济,61,陕西省,2069448
201601,603,斐济,62,甘肃省,559075
201601,604,盖比群岛(2023年起停用),44,广东省,21037
201601,606,瑙鲁,31,上海市,5857
201601,606,瑙鲁,32,江苏省,132622
201601,606,瑙鲁,33,浙江省,1855
201601,606,瑙鲁,44,广东省,36336
201601,607,新喀里多尼亚,11,北京市,60062
201601,607,新喀里多尼亚,12,天津市,1227796
201601,607,新喀里多尼亚,13,河北省,684777
201601,607,新喀里多尼亚,21,辽宁省,135735
201601,607,新喀里多尼亚,31,上海市,4266918
201601,607,新喀里多尼亚,32,江苏省,10010837
201601,607,新喀里多尼亚,33,浙江省,8896890
201601,607,新喀里多尼亚,34,安徽省,918093
201601,607,新喀里多尼亚,35,福建省,1993190
201601,607,新喀里多尼亚,36,江西省,1024437
201601,607,新喀里多尼亚,37,山东省,4360773
201601,607,新喀里多尼亚,41,河南省,886667
201601,607,新喀里多尼亚,42,湖北省,77629
201601,607,新喀里多尼亚,44,广东省,7406879
201601,607,新喀里多尼亚,50,重庆市,511514
201601,607,新喀里多尼亚,51,四川省,183286
201601,607,新喀里多尼亚,52,贵州省,80561
201601,607,新喀里多尼亚,53,云南省,58939
201601,607,新喀里多尼亚,61,陕西省,49123
201601,607,新喀里多尼亚,63,青海省,463756
201601,608,瓦努阿图,11,北京市,6357439
201601,608,瓦努阿图,12,天津市,1434303
201601,608,瓦努阿图,13,河北省,201539
201601,608,瓦努阿图,21,辽宁省,17182
201601,608,瓦努阿图,31,上海市,1986921
201601,608,瓦努阿图,32,江苏省,2096295
201601,608,瓦努阿图,33,浙江省,5384159
201601,608,瓦努阿图,34,安徽省,45308
201601,608,瓦努阿图,35,福建省,2229136
201601,608,瓦努阿图,36,江西省,2365236
201601,608,瓦努阿图,37,山东省,1638226
201601,608,瓦努阿图,41,河南省,34045
201601,608,瓦努阿图,42,湖北省,1734183
201601,608,瓦努阿图,44,广东省,7322444
201601,608,瓦努阿图,45,广西壮族自治区,25253547
201601,608,瓦努阿图,50,重庆市,258645
201601,608,瓦努阿图,51,四川省,171364
201601,608,瓦努阿图,62,甘肃省,1151890
201601,609,新西兰,11,北京市,27684163
201601,609,新西兰,12,天津市,58140897
201601,609,新西兰,13,河北省,24571097
201601,609,新西兰,14,山西省,21766012
201601,609,新西兰,15,内蒙古自治区,2153504
201601,609,新西兰,21,辽宁省,43665574
201601,609,新西兰,22,吉林省,1445150
201601,609,新西兰,23,黑龙江省,4251691
201601,609,新西兰,31,上海市,269231877
201601,609,新西兰,32,江苏省,336930166
201601,609,新西兰,33,浙江省,398536076
201601,609,新西兰,34,安徽省,30469270
201601,609,新西兰,35,福建省,112838294
201601,609,新西兰,36,江西省,18259193
201601,609,新西兰,37,山东省,214464277
201601,609,新西兰,41,河南省,47942027
201601,609,新西兰,42,湖北省,11180716
201601,609,新西兰,43,湖南省,5452084
201601,609,新西兰,44,广东省,491270960
201601,609,新西兰,45,广西壮族自治区,6364007
201601,609,新西兰,46,海南省,56588075
201601,609,新西兰,50,重庆市,55817454
201601,609,新西兰,51,四川省,7628751
201601,609,新西兰,52,贵州省,1271557
201601,609,新西兰,53,云南省,2809452
201601,609,新西兰,61,陕西省,3580619
201601,609,新西兰,62,甘肃省,1180571
201601,609,新西兰,63,青海省,860023
201601,609,新西兰,64,宁夏回族自治区,1046956
201601,609,新西兰,65,新疆维吾尔自治区,1233908
201601,610,诺福克岛,44,广东省,174
201601,610,诺福克岛,50,重庆市,299820
201601,611,巴布亚新几内亚,11,北京市,67989272
201601,611,巴布亚新几内亚,12,天津市,9817285
201601,611,巴布亚新几内亚,13,河北省,4222239
201601,611,巴布亚新几内亚,14,山西省,137438
201601,611,巴布亚新几内亚,15,内蒙古自治区,220095
201601,611,巴布亚新几内亚,21,辽宁省,4881849
201601,611,巴布亚新几内亚,22,吉林省,23744
201601,611,巴布亚新几内亚,23,黑龙江省,44980
201601,611,巴布亚新几内亚,31,上海市,18993872
201601,611,巴布亚新几内亚,32,江苏省,31245657
201601,611,巴布亚新几内亚,33,浙江省,111209349
201601,611,巴布亚新几内亚,34,安徽省,4648432
201601,611,巴布亚新几内亚,35,福建省,33220365
201601,611,巴布亚新几内亚,36,江西省,3080132
201601,611,巴布亚新几内亚,37,山东省,29606351
201601,611,巴布亚新几内亚,41,河南省,2590202
201601,611,巴布亚新几内亚,42,湖北省,980968
201601,611,巴布亚新几内亚,43,湖南省,2016206
201601,611,巴布亚新几内亚,44,广东省,38899495
201601,611,巴布亚新几内亚,45,广西壮族自治区,1697271
201601,611,巴布亚新几内亚,46,海南省,79024
201601,611,巴布亚新几内亚,50,重庆市,15042143
201601,611,巴布亚新几内亚,51,四川省,1541305
201601,611,巴布亚新几内亚,53,云南省,993137
201601,611,巴布亚新几内亚,61,陕西省,84142
201601,611,巴布亚新几内亚,62,甘肃省,1897673
201601,611,巴布亚新几内亚,65,新疆维吾尔自治区,82777
201601,612,社会群岛(2023年起停用),12,天津市,234626
201601,612,社会群岛(2023年起停用),32,江苏省,89211
201601,612,社会群岛(2023年起停用),33,浙江省,636854
201601,612,社会群岛(2023年起停用),44,广东省,539348
201601,612,社会群岛(2023年起停用),50,重庆市,1612289
201601,613,所罗门群岛,12,天津市,817036
201601,613,所罗门群岛,13,河北省,1237025
201601,613,所罗门群岛,21,辽宁省,146892
201601,613,所罗门群岛,31,上海市,633812
201601,613,所罗门群岛,32,江苏省,1765671
201601,613,所罗门群岛,33,浙江省,3315781
201601,613,所罗门群岛,34,安徽省,2181851
201601,613,所罗门群岛,35,福建省,5294669
201601,613,所罗门群岛,36,江西省,2733270
201601,613,所罗门群岛,37,山东省,7056834
201601,613,所罗门群岛,42,湖北省,159907
201601,613,所罗门群岛,44,广东省,6032659
201601,613,所罗门群岛,50,重庆市,2057809
201601,613,所罗门群岛,51,四川省,20
201601,613,所罗门群岛,53,云南省,103903
201601,613,所罗门群岛,62,甘肃省,2908919
201601,614,汤加,11,北京市,593124
201601,614,汤加,12,天津市,118082
201601,614,汤加,13,河北省,201406
201601,614,汤加,31,上海市,904657
201601,614,汤加,32,江苏省,814289
201601,614,汤加,33,浙江省,1690289
201601,614,汤加,35,福建省,1689178
201601,614,汤加,37,山东省,624495
201601,614,汤加,42,湖北省,636243
201601,614,汤加,43,湖南省,383611
201601,614,汤加,44,广东省,2153939
201601,614,汤加,62,甘肃省,305701
201601,617,萨摩亚,11,北京市,17529
201601,617,萨摩亚,12,天津市,373225
201601,617,萨摩亚,13,河北省,2521805
201601,617,萨摩亚,31,上海市,10827963
201601,617,萨摩亚,32,江苏省,92198
201601,617,萨摩亚,33,浙江省,4596149
201601,617,萨摩亚,34,安徽省,92279
201601,617,萨摩亚,35,福建省,7078851
201601,617,萨摩亚,36,江西省,681019
201601,617,萨摩亚,37,山东省,2166011
201601,617,萨摩亚,44,广东省,4715305
201601,617,萨摩亚,53,云南省,27348
201601,617,萨摩亚,62,甘肃省,58674
201601,618,基里巴斯,11,北京市,712369
201601,618,基里巴斯,13,河北省,101044
201601,618,基里巴斯,31,上海市,275
201601,618,基里巴斯,33,浙江省,1134092
201601,618,基里巴斯,35,福建省,508900
201601,618,基里巴斯,37,山东省,905155
201601,618,基里巴斯,44,广东省,2212899
201601,618,基里巴斯,50,重庆市,621171
201601,618,基里巴斯,62,甘肃省,996291
201601,619,图瓦卢,31,上海市,633066
201601,619,图瓦卢,33,浙江省,509729
201601,619,图瓦卢,44,广东省,666916
201601,619,图瓦卢,50,重庆市,113801
201601,619,图瓦卢,51,四川省,8770
201601,620,密克罗尼西亚联邦,11,北京市,40
201601,620,密克罗尼西亚联邦,31,上海市,20241
201601,620,密克罗尼西亚联邦,32,江苏省,36934
201601,620,密克罗尼西亚联邦,33,浙江省,1067442
201601,620,密克罗尼西亚联邦,37,山东省,1486515
201601,620,密克罗尼西亚联邦,44,广东省,1023755
201601,620,密克罗尼西亚联邦,45,广西壮族自治区,64342
201601,620,密克罗尼西亚联邦,53,云南省,124018
201601,621,马绍尔群岛,11,北京市,8662993
201601,621,马绍尔群岛,12,天津市,2239651
201601,621,马绍尔群岛,13,河北省,211224
201601,621,马绍尔群岛,21,辽宁省,8443418
201601,621,马绍尔群岛,31,上海市,1519303600
201601,621,马绍尔群岛,32,江苏省,1390856810
201601,621,马绍尔群岛,33,浙江省,703146491
201601,621,马绍尔群岛,35,福建省,581634
201601,621,马绍尔群岛,36,江西省,63605
201601,621,马绍尔群岛,37,山东省,2331351
201601,621,马绍尔群岛,42,湖北省,432960349
201601,621,马绍尔群岛,44,广东省,226667860
201601,621,马绍尔群岛,50,重庆市,1128370
201601,622,帕劳,11,北京市,564514
201601,622,帕劳,12,天津市,37435
201601,622,帕劳,31,上海市,584501
201601,622,帕劳,33,浙江省,463749
201601,622,帕劳,36,江西省,79103
201601,622,帕劳,37,山东省,1458412
201601,622,帕劳,41,河南省,38909
201601,622,帕劳,44,广东省,1222879
201601,622,帕劳,50,重庆市,992787
201601,622,帕劳,62,甘肃省,1295295
201601,623,法属波利尼西亚,11,北京市,322016
201601,623,法属波利尼西亚,12,天津市,576556
201601,623,法属波利尼西亚,13,河北省,1441667
201601,623,法属波利尼西亚,21,辽宁省,184352
201601,623,法属波利尼西亚,31,上海市,1056225
201601,623,法属波利尼西亚,32,江苏省,3274186
201601,623,法属波利尼西亚,33,浙江省,6366553
201601,623,法属波利尼西亚,34,安徽省,825318
201601,623,法属波利尼西亚,35,福建省,2728468
201601,623,法属波利尼西亚,36,江西省,142340
201601,623,法属波利尼西亚,37,山东省,2415988
201601,623,法属波利尼西亚,41,河南省,176542
201601,623,法属波利尼西亚,42,湖北省,4934
201601,623,法属波利尼西亚,43,湖南省,466270
201601,623,法属波利尼西亚,44,广东省,4273442
201601,623,法属波利尼西亚,45,广西壮族自治区,11441
201601,623,法属波利尼西亚,51,四川省,286294
201601,625,瓦利斯和富图纳,12,天津市,122841
201601,625,瓦利斯和富图纳,31,上海市,38
201601,625,瓦利斯和富图纳,32,江苏省,3417405
201601,625,瓦利斯和富图纳,33,浙江省,28015
201601,625,瓦利斯和富图纳,35,福建省,49226
201601,699,大洋洲其他国家(地区),12,天津市,409267
201601,699,大洋洲其他国家(地区),13,河北省,2408475
201601,699,大洋洲其他国家(地区),31,上海市,251473
201601,699,大洋洲其他国家(地区),32,江苏省,220841
201601,699,大洋洲其他国家(地区),33,浙江省,901947
201601,699,大洋洲其他国家(地区),34,安徽省,12790
201601,699,大洋洲其他国家(地区),36,江西省,54836
201601,699,大洋洲其他国家(地区),44,广东省,3841436
201601,701,国家(地区)不明,32,江苏省,47407
