source,pubtime,title,url
黑白之道,2024_01_15,“迅速增流量”“日进斗金”都是噱头 揭秘“短视频橱窗带货”骗局；|登上热搜！App自动续费关了，还在扣费？这样取消才彻底；,http://mp.weixin.qq.com/s?__biz=MzAxMjE3ODU3MQ==&mid=2650585790&idx=1&sn=dc2eb1a35acd748604ed44c1e1f2881b&chksm=821a82f09db53a7470952e81802da1b52b50720d79acdbe2ad0acd4f0ca1437532298031b028&scene=0&xtrack=1#rd
黑白之道,2024_01_15,生成式人工智能对网络安全的影响,http://mp.weixin.qq.com/s?__biz=MzAxMjE3ODU3MQ==&mid=2650585790&idx=2&sn=0f8ba54c6dc5872bcc256a27e60135f8&chksm=82800c5111b1786b1ff044a96d189cd741eea358b4322cfb20966645372598c22b0df4d5cd6e&scene=0&xtrack=1#rd
黑白之道,2024_01_15,对某大学进行授权红队评估,http://mp.weixin.qq.com/s?__biz=MzAxMjE3ODU3MQ==&mid=2650585790&idx=3&sn=d0ac6495acfe3733cc91ee400737e463&chksm=82345c15cea6562144d850076c47c873f8ebc924a8fe91782a68c10440457be042dda7945f9a&scene=0&xtrack=1#rd
黑白之道,2024_01_15,一个简单好用的内网渗透免杀工具,http://mp.weixin.qq.com/s?__biz=MzAxMjE3ODU3MQ==&mid=2650585790&idx=4&sn=b9bd7d1980ad82fdb37e19fd2c9cad2b&chksm=82e5bfbfac69b56b8520c1853deb4fce9f9ceab706208009056d8cda424849f86f36cf212408&scene=0&xtrack=1#rd
